observation
"[0, 5.29945e-06, 0, -0.000237806, 0, 0.0339916, 0, -0.341617, 0.869006]"
"[0, 4.68041e-06, 0, -0.00024543, -0.00024, 0.0340229, 0, -0.336867, 0.699473]"
"[0, 3.83459e-06, 0, -0.000262079, -0.00048, 0.0340625, 0, -0.351325, 0.740703]"
"[0, 4.07699e-06, 0, -0.00031083, -0.00072, 0.0341285, 0, -0.340619, 1.0646]"
"[0, 4.11143e-06, 0, -0.000407669, -0.00096, 0.0338061, 0, -0.340157, 0.793186]"
"[0, 3.25552e-06, 0, -0.000511117, -0.0012, 0.0337055, 0, -0.33969, 0.397696]"
"[0, 3.83444e-06, 0, -0.000632394, -0.00144, 0.0335446, 0, -0.328227, 0.544564]"
"[0, 2.73393e-06, 0, -0.000773272, -0.00168, 0.0334027, 0, -0.317247, 0.475035]"
"[0, 1.6353e-06, 0, -0.000929973, -0.00192, 0.0331184, 0, -0.324005, 0.536068]"
"[0, 2.9518e-06, 0, -0.00109275, -0.00216, 0.0329917, 0, -0.319846, 0.397734]"
"[0, 4.62164e-06, 0, -0.00131173, -0.0024, 0.0327934, 0, -0.324233, 0.106016]"
"[0, 2.63754e-06, 0, -0.00152277, -0.00264, 0.0325498, 0, -0.310741, 0.292091]"
"[0, 1.84685e-06, 0, -0.00174917, -0.00288, 0.0327059, 0, -0.304265, 0.202208]"
"[0, 2.31749e-06, 0, -0.00198246, -0.00312, 0.0327308, 0, -0.29841, 0.257892]"
"[0, 4.58983e-06, 0, -0.00219944, -0.00336, 0.0329627, 0, -0.292104, 0.098976]"
"[0, 7.24183e-06, 0, -0.00244713, -0.0036, 0.0330207, 0, -0.297933, 0.0198826]"
"[0, 5.79453e-06, 0, -0.00267931, -0.00384, 0.0329597, 0, -0.296381, 0.128599]"
"[0, 5.34847e-06, 0, -0.002896, -0.00408, 0.0328698, 0, -0.287025, 0.0874951]"
"[0, 5.44687e-06, 0, -0.00310508, -0.00432, 0.0327605, 0, -0.297726, 0.0542831]"
"[0, 4.93708e-06, 0, -0.00329572, -0.00456, 0.0327817, 0, -0.283059, 0.0173988]"
"[0, 8.96052e-06, 0, -0.00348162, -0.0048, 0.0324917, 0, -0.29623, 0.0370313]"
"[0, 5.86502e-06, 0, -0.00366981, -0.00504, 0.032265, 0, -0.290567, 0.156339]"
"[0, 5.76117e-06, 0, -0.00385877, -0.00528, 0.0321223, 0, -0.299552, -0.0152892]"
"[0, 5.80939e-06, 0, -0.00406774, -0.00552, 0.0320006, 0, -0.287011, 0.315345]"
"[0, 7.52746e-06, 0, -0.00428841, -0.00576, 0.0321219, 0, -0.285397, 0.181163]"
"[0, 6.85869e-06, 0, -0.00456205, -0.006, 0.0324214, 0, -0.283606, 0.273659]"
"[0, 1.21871e-05, 0, -0.00478713, -0.00624, 0.0327962, 0, -0.28092, 0.149807]"
"[0, 1.38478e-05, 0, -0.0050661, -0.00648, 0.0334223, 0, -0.279293, -0.0185326]"
"[0, 1.4278e-05, 0, -0.00534571, -0.00672, 0.0340178, 0, -0.301532, 0.202773]"
"[0, 1.94699e-05, 0, -0.00562891, -0.00696, 0.034843, 0, -0.274025, 0.257766]"
"[0, 2.32974e-05, 0, -0.00591742, -0.0072, 0.0358932, 0, -0.280222, 0.262354]"
"[0, 2.51344e-05, 0, -0.00620141, -0.00744, 0.0366201, 0, -0.27025, 0.135006]"
"[0, 2.8308e-05, 0, -0.00648007, -0.00768, 0.0376437, 0, -0.283336, 0.214224]"
"[0, 3.37759e-05, 0, -0.00673751, -0.00792, 0.0385978, 0, -0.280278, 0.426832]"
"[0, 3.69208e-05, 0, -0.00698518, -0.00816, 0.0393499, 0, -0.277722, 0.111628]"
"[0, 3.90554e-05, 0, -0.00719272, -0.0084, 0.0400535, 0, -0.288655, 0.0191706]"
"[0, 4.10414e-05, 0, -0.0073676, -0.00864, 0.0405841, 0, -0.270059, 0.294958]"
"[0, 4.30984e-05, 0, -0.00752551, -0.00888, 0.0407359, 0, -0.26484, 0.429941]"
"[0, 4.42743e-05, 0, -0.00765372, -0.00912, 0.041016, 0, -0.275491, 0.116945]"
"[0, 4.75148e-05, 0, -0.00777937, -0.00936, 0.041133, 0, -0.255153, 0.335857]"
"[0, 4.45126e-05, 0, -0.00789722, -0.0096, 0.0411685, 0, -0.276356, 0.0571865]"
"[0, 4.62592e-05, 0, -0.00801617, -0.00984, 0.0413539, 0, -0.263214, 0.270771]"
"[0, 4.87754e-05, 0, -0.00813868, -0.01008, 0.0414958, 0, -0.263787, -0.0489378]"
"[0, 5.03675e-05, 0, -0.00827816, -0.01032, 0.0418788, 0, -0.259006, 0.066677]"
"[0, 5.02375e-05, 0, -0.00841354, -0.01056, 0.0422551, 0, -0.266705, 0.121339]"
"[0, 5.08834e-05, 0, -0.00856703, -0.0108, 0.0425575, 0, -0.260406, 0.348298]"
"[0, 5.35118e-05, 0, -0.00871568, -0.01104, 0.0429721, 0, -0.261093, 0.0904293]"
"[0, 5.71076e-05, 0, -0.00885769, -0.01128, 0.0434703, 0, -0.2559, 0.105073]"
"[0, 5.96685e-05, 0, -0.00900126, -0.01152, 0.0438154, 0, -0.249481, 0.26175]"
"[0, 6.24677e-05, 0, -0.00914385, -0.01176, 0.0442641, 0, -0.248003, 0.260569]"
"[0, 6.33291e-05, 0, -0.00929359, -0.012, 0.0447125, 0, -0.257741, 0.30206]"
"[0, 6.15726e-05, 0, -0.00944315, -0.01224, 0.0450939, 0, -0.252913, 0.108072]"
"[0, 6.37064e-05, 0, -0.00960363, -0.01248, 0.0455301, 0, -0.247503, 0.00556304]"
"[0, 6.77033e-05, 0, -0.0097466, -0.01272, 0.0461927, 0, -0.254962, 0.285627]"
"[0, 7.02674e-05, 0, -0.00991203, -0.01296, 0.046847, 0, -0.267612, 0.443599]"
"[0, 7.42631e-05, 0, -0.0101139, -0.0132, 0.0475876, 0, -0.251965, 0.540224]"
"[0, 7.55502e-05, 0, -0.0103458, -0.01344, 0.048534, 0, -0.25878, 0.706587]"
"[0, 8.18186e-05, 0, -0.0106075, -0.01368, 0.0497249, 0, -0.265491, 0.497402]"
"[0, 8.71112e-05, 0, -0.0108829, -0.01392, 0.0510905, 0, -0.280347, 0.358735]"
"[0, 9.47227e-05, 0, -0.011171, -0.01416, 0.0525244, 0, -0.259733, 0.544991]"
"[0, 0.000101017, 0, -0.0114588, -0.0144, 0.0543352, 0, -0.2621, 0.366097]"
"[0, 0.000106917, 0, -0.0117648, -0.01464, 0.0560977, 0, -0.255903, 0.285467]"
"[0, 0.000113428, 0, -0.0120736, -0.01488, 0.0580994, 0, -0.254344, 0.546967]"
"[0, 0.000118811, 0, -0.0123799, -0.01512, 0.0599617, 0, -0.24204, 0.616499]"
"[0, 0.000126359, 0, -0.0126823, -0.01536, 0.0616851, 0, -0.235053, 0.469721]"
"[0, 0.000133598, 0, -0.0129682, -0.0156, 0.0633862, 0, -0.229005, 0.203985]"
"[0, 0.000139217, 0, -0.0132165, -0.01584, 0.0648523, 0, -0.235576, 0.476243]"
"[0, 0.00014511, 0, -0.013455, -0.01608, 0.0662473, 0, -0.229069, 0.552773]"
"[0, 0.00014959, 0, -0.0137242, -0.01632, 0.0675736, 0, -0.216381, 0.434655]"
"[0, 0.000152701, 0, -0.0139549, -0.01656, 0.0687066, 0, -0.208016, 0.591627]"
"[0, 0.000158719, 0, -0.0141858, -0.0168, 0.069765, 0, -0.229076, 0.760218]"
"[0, 0.000161275, 0, -0.0144315, -0.01704, 0.0707391, 0, -0.215161, 0.291359]"
"[0, 0.00016561, 0, -0.0146826, -0.01728, 0.071884, 0, -0.222766, 0.684399]"
"[0, 0.000170413, 0, -0.0149374, -0.01752, 0.0731305, 0, -0.225655, 0.609062]"
"[0, 0.000175717, 0, -0.0151993, -0.01776, 0.0745759, 0, -0.219237, 0.537644]"
"[0, 0.000180755, 0, -0.015479, -0.018, 0.0759632, 0, -0.228127, 0.473135]"
"[0, 0.000188795, 0, -0.015737, -0.01824, 0.0773995, 0, -0.22341, 0.307299]"
"[0, 0.000192496, 0, -0.0160128, -0.01848, 0.0788849, 0, -0.234926, 0.684701]"
"[0, 0.000196914, 0, -0.0162852, -0.01872, 0.0802069, 0, -0.208134, 0.371927]"
"[0, 0.000202252, 0, -0.0165551, -0.01896, 0.0816124, 0, -0.211386, 0.59245]"
"[0, 0.000207819, 0, -0.016793, -0.0192, 0.0829325, 0, -0.198564, 0.387067]"
"[0, 0.000212264, 0, -0.017003, -0.01944, 0.0839181, 0, -0.199622, 0.561282]"
"[0, 0.00021484, 0, -0.0172212, -0.01968, 0.0849438, 0, -0.194209, 0.71784]"
"[0, 0.000218959, 0, -0.017428, -0.01992, 0.0857978, 0, -0.198112, 0.596826]"
"[0, 0.000220462, 0, -0.0176099, -0.02016, 0.08658, 0, -0.203901, 0.602671]"
"[0, 0.000223908, 0, -0.0177678, -0.0204, 0.0871435, 0, -0.199216, 0.61372]"
"[0, 0.00022333, 0, -0.017912, -0.02064, 0.0876563, 0, -0.19324, 0.831244]"
"[0, 0.00022955, 0, -0.0180494, -0.02088, 0.0880892, 0, -0.18828, 0.649961]"
"[0, 0.000228754, 0, -0.0181849, -0.02112, 0.0884901, 0, -0.206117, 0.503288]"
"[0, 0.00023251, 0, -0.0182977, -0.02136, 0.0889521, 0, -0.203926, 0.692327]"
"[0, 0.000235671, 0, -0.0184356, -0.0216, 0.0891922, 0, -0.196479, 0.613424]"
"[0, 0.00023541, 0, -0.0185674, -0.02184, 0.0896222, 0, -0.208262, 0.5247]"
"[0, 0.000236234, 0, -0.0187027, -0.02208, 0.0899884, 0, -0.199728, 0.828954]"
"[0, 0.00024086, 0, -0.0188582, -0.02232, 0.090524, 0, -0.184239, 0.861364]"
"[0, 0.000241726, 0, -0.0190399, -0.02256, 0.0911854, 0, -0.194152, 0.574199]"
"[0, 0.000243556, 0, -0.0192381, -0.0228, 0.0917754, 0, -0.200312, 0.570474]"
"[0, 0.000249966, 0, -0.019461, -0.02304, 0.0926902, 0, -0.198802, 0.748604]"
"[0, 0.000252846, 0, -0.0196952, -0.02328, 0.093798, 0, -0.216752, 1.02443]"
"[0, 0.000256659, 0, -0.0199775, -0.02352, 0.0951247, 0, -0.194737, 0.805899]"
"[0, 0.000260451, 0, -0.020276, -0.02376, 0.096375, 0, -0.204974, 0.587188]"
"[0, 0.000266881, 0, -0.0205652, -0.024, 0.0978021, 0, -0.193432, 1.05657]"
"[0, 0.000273716, 0, -0.0209128, -0.02424, 0.0995473, 0, -0.189727, 0.715862]"
"[0, 0.000281364, 0, -0.0212265, -0.02448, 0.10121, 0, -0.179341, 0.606404]"
"[0, 0.000287005, 0, -0.0215082, -0.02472, 0.102762, 0, -0.180633, 0.986015]"
"[0, 0.000291906, 0, -0.0217742, -0.02496, 0.104131, 0, -0.157781, 0.785715]"
"[0, 0.000296952, 0, -0.0220153, -0.0252, 0.105252, 0, -0.166412, 0.625911]"
"[0, 0.000302733, 0, -0.022218, -0.02544, 0.10635, 0, -0.155346, 1.0439]"
"[0, 0.000305359, 0, -0.0224131, -0.02568, 0.107243, 0, -0.16689, 0.844488]"
"[0, 0.000310116, 0, -0.0225908, -0.02592, 0.108035, 0, -0.154393, 0.802252]"
"[0, 0.000312125, 0, -0.02276, -0.02616, 0.10871, 0, -0.170846, 1.05925]"
"[0, 0.000314042, 0, -0.022921, -0.0264, 0.109427, 0, -0.162042, 0.653869]"
"[0, 0.00031562, 0, -0.0230634, -0.02664, 0.109992, 0, -0.150994, 0.928196]"
"[0, 0.000318841, 0, -0.0232079, -0.02688, 0.110604, 0, -0.146376, 0.967818]"
"[0, 0.000324, 0, -0.0233533, -0.02712, 0.111159, 0, -0.148727, 1.1471]"
"[0, 0.000322522, 0, -0.0235087, -0.02736, 0.111636, 0, -0.149758, 0.951214]"
"[0, 0.000324178, 0, -0.0236791, -0.0276, 0.112202, 0, -0.165663, 0.933271]"
"[0, 0.00032619, 0, -0.0238596, -0.02784, 0.112963, 0, -0.153386, 1.16178]"
"[0, 0.000333385, 0, -0.0240672, -0.02808, 0.113835, 0, -0.156954, 0.975232]"
"[0, 0.000336724, 0, -0.0242833, -0.02832, 0.114779, 0, -0.18232, 1.01744]"
"[0, 0.00033965, 0, -0.0245497, -0.02856, 0.11607, 0, -0.180884, 1.14551]"
"[0, 0.000344148, 0, -0.0248326, -0.0288, 0.117416, 0, -0.157294, 1.07418]"
"[0, 0.000353785, 0, -0.0251392, -0.02904, 0.119008, 0, -0.155812, 0.881202]"
"[0, 0.000356763, 0, -0.0254177, -0.02928, 0.120428, 0, -0.159084, 1.05356]"
"[0, 0.000367088, 0, -0.0257652, -0.02952, 0.122408, 0, -0.137382, 1.06168]"
"[0, 0.000371816, 0, -0.0260752, -0.02976, 0.12408, 0, -0.132329, 1.07769]"
"[0, 0.000376679, 0, -0.0263466, -0.03, 0.125528, 0, -0.120028, 1.02552]"
"[0, 0.000382198, 0, -0.0265912, -0.03024, 0.126989, 0, -0.119255, 0.960922]"
"[0, 0.00038879, 0, -0.0268204, -0.03048, 0.128234, 0, -0.105511, 1.06627]"
"[0, 0.000393457, 0, -0.0270402, -0.03072, 0.129476, 0, -0.121546, 0.973468]"
"[0, 0.000395716, 0, -0.0272274, -0.03096, 0.130417, 0, -0.117867, 0.996594]"
"[0, 0.000397841, 0, -0.0273759, -0.0312, 0.131216, 0, -0.109919, 0.990028]"
"[0, 0.000401419, 0, -0.0275619, -0.03144, 0.132172, 0, -0.117026, 1.01346]"
"[0, 0.000404619, 0, -0.0277131, -0.03168, 0.132924, 0, -0.120723, 1.08111]"
"[0, 0.000408483, 0, -0.0278777, -0.03192, 0.133638, 0, -0.119008, 0.920867]"
"[0, 0.000414866, 0, -0.0280474, -0.03216, 0.134371, 0, -0.114103, 0.921968]"
"[0, 0.000414042, 0, -0.0282306, -0.0324, 0.135065, 0, -0.124012, 0.957634]"
"[0, 0.000415995, 0, -0.0284355, -0.03264, 0.135887, 0, -0.110705, 0.815089]"
"[0, 0.000423424, 0, -0.028657, -0.03288, 0.136991, 0, -0.127532, 1.00087]"
"[0, 0.000427766, 0, -0.0289002, -0.03312, 0.138131, 0, -0.111198, 1.23974]"
"[0, 0.00043164, 0, -0.0291588, -0.03336, 0.139352, 0, -0.123217, 0.936481]"
"[0, 0.000438557, 0, -0.0294226, -0.0336, 0.140857, 0, -0.0949284, 1.01594]"
"[0, 0.000438275, 0, -0.0296872, -0.03384, 0.142071, 0, -0.136764, 1.03009]"
"[0, 0.000450724, 0, -0.0299705, -0.03408, 0.143644, 0, -0.123616, 1.32418]"
"[0, 0.000451446, 0, -0.0302534, -0.03432, 0.145127, 0, -0.138261, 1.02714]"
"[0, 0.000460762, 0, -0.0305184, -0.03456, 0.146592, 0, -0.118813, 0.939325]"
"[0, 0.000462957, 0, -0.0307572, -0.0348, 0.147819, 0, -0.0886231, 1.16622]"
"[0, 0.00046458, 0, -0.0309715, -0.03504, 0.148884, 0, -0.092479, 1.31262]"
"[0, 0.000473109, 0, -0.031169, -0.03528, 0.149888, 0, -0.0788126, 1.22845]"
"[0, 0.00047566, 0, -0.0313532, -0.03552, 0.150834, 0, -0.0975426, 1.20567]"
"[0, 0.000480256, 0, -0.0315321, -0.03576, 0.151662, 0, -0.0869111, 1.36211]"
"[0, 0.000483626, 0, -0.0317039, -0.036, 0.152449, 0, -0.0746112, 1.1028]"
"[0, 0.000484999, 0, -0.0318658, -0.03624, 0.15323, 0, -0.0895215, 1.2415]"
"[0, 0.000487017, 0, -0.0320183, -0.03648, 0.153798, 0, -0.0748818, 1.0645]"
"[0, 0.000489992, 0, -0.0321695, -0.03672, 0.154558, 0, -0.0926651, 1.3305]"
"[0, 0.000491856, 0, -0.0323308, -0.03696, 0.155249, 0, -0.0858857, 1.26756]"
"[0, 0.000497303, 0, -0.0325136, -0.0372, 0.156016, 0, -0.0967576, 1.44473]"
"[0, 0.000497652, 0, -0.0327099, -0.03744, 0.156767, 0, -0.0986015, 1.13532]"
"[0, 0.000504676, 0, -0.0329271, -0.03768, 0.15787, 0, -0.171943, 1.35253]"
"[0, 0.000508696, 0, -0.0331826, -0.03792, 0.158994, 0, -0.0885027, 1.34256]"
"[0, 0.000514603, 0, -0.0334644, -0.03816, 0.160631, 0, -0.101912, 1.34221]"
"[0, 0.000520705, 0, -0.0337344, -0.0384001, 0.162191, 0, -0.111495, 1.28941]"
"[0, 0.000527698, 0, -0.0340277, -0.0386401, 0.163975, 0, -0.101668, 1.32283]"
"[0, 0.000534248, 0, -0.0343492, -0.0388801, 0.16598, 0, -0.102692, 1.32247]"
"[0, 0.000542615, 0, -0.0346772, -0.0391201, 0.167874, 0, -0.0827863, 1.24525]"
"[0, 0.000547792, 0, -0.0349917, -0.0393601, 0.169796, 0, -0.0883433, 1.21523]"
"[0, 0.000556439, 0, -0.0352934, -0.0396001, 0.171668, 0, -0.0856169, 1.18552]"
"[0, 0.000561791, 0, -0.0355907, -0.0398401, 0.17329, 0, -0.0669905, 1.04126]"
"[0, 0.000565587, 0, -0.0358543, -0.0400801, 0.174676, 0, -0.0672014, 1.34808]"
"[0, 0.000571089, 0, -0.0361242, -0.0403201, 0.17602, 0, -0.0581607, 0.944405]"
"[0, 0.000578037, 0, -0.0363334, -0.0405601, 0.177138, 0, -0.0529857, 0.953071]"
"[0, 0.000582082, 0, -0.0365239, -0.0408001, 0.178162, 0, -0.0615133, 1.46592]"
"[0, 0.00058208, 0, -0.0367045, -0.0410401, 0.179047, 0, -0.0634759, 1.4516]"
"[0, 0.000586495, 0, -0.0369003, -0.0412801, 0.179879, 0, -0.0764325, 1.3015]"
"[0, 0.000590253, 0, -0.0371021, -0.0415201, 0.180781, 0, -0.0773661, 1.39283]"
"[0, 0.000598713, 0, -0.0373456, -0.0417601, 0.182029, 0, -0.06849, 1.53343]"
"[0, 0.000602817, 0, -0.0375786, -0.0420001, 0.183266, 0, -0.0739483, 1.76004]"
"[0, 0.000609158, 0, -0.0377451, -0.0422401, 0.184555, 0, -0.0588956, 2.33706]"
"[0, 0.000610271, 0, -0.0378744, -0.0424801, 0.185533, 0, -0.0433778, 2.78909]"
"[0, 0.000616275, 0, -0.0379543, -0.0427201, 0.186591, 0, -0.0358845, 3.03834]"
"[0, 0.00061418, 0, -0.038009, -0.0429601, 0.187252, 0, -0.0560274, 3.40137]"
"[0, 0.000617266, 0, -0.0380517, -0.0432001, 0.18798, 0, -0.0670788, 3.51287]"
"[0, 0.000620551, 0, -0.0380903, -0.0434401, 0.188472, 0, -0.0493276, 3.99441]"
"[0, 0.000620726, 0, -0.038148, -0.0436801, 0.188951, 0, -0.0534558, 4.03427]"
"[0, 0.000623857, 0, -0.0381972, -0.0439201, 0.189231, 0, -0.0575218, 4.26418]"
"[0, 0.000620594, 0, -0.038233, -0.0441601, 0.189479, 0, -0.0822845, 4.39208]"
"[0, 0.000622791, 0, -0.038253, -0.0444001, 0.189591, 0, -0.0695192, 4.71095]"
"[0, 0.000622298, 0, -0.0382766, -0.0446401, 0.189764, 0, -0.085726, 4.93293]"
"[0, 0.000622503, 0, -0.0383107, -0.0448801, 0.189812, 0, -0.0841742, 4.87594]"
"[0, 0.000623749, 0, -0.0383409, -0.0451201, 0.18994, 0, -0.0907945, 5.14718]"
"[0, 0.000625872, 0, -0.0383872, -0.0453601, 0.190051, 0, -0.0803972, 5.05325]"
"[0, 0.000625517, 0, -0.0384199, -0.0456001, 0.190157, 0, -0.10811, 5.36145]"
"[0, 0.000623838, 0, -0.0384532, -0.0458401, 0.190278, 0, -0.0893124, 5.73804]"
"[0, 0.000625619, 0, -0.038489, -0.0460801, 0.190409, 0, -0.0849392, 5.7919]"
"[0, 0.000626498, 0, -0.0385163, -0.0463201, 0.190596, 0, -0.075245, 5.70668]"
"[0, 0.000624982, 0, -0.0385489, -0.0465601, 0.190649, 0, -0.0927376, 6.1315]"
"[0, 0.000628009, 0, -0.0385787, -0.0468001, 0.190758, 0, -0.0679117, 6.1945]"
"[0, 0.000627008, 0, -0.038615, -0.0470401, 0.190976, 0, -0.0728827, 6.45199]"
"[0, 0.000627483, 0, -0.0386511, -0.0472801, 0.191026, 0, -0.0804697, 6.50798]"
"[0, 0.000629283, 0, -0.03868, -0.0475201, 0.191179, 0, -0.0654939, 6.83805]"
"[0, 0.000628621, 0, -0.0387095, -0.0477601, 0.191344, 0, -0.0698816, 6.94686]"
"[0, 0.0006303, 0, -0.0387404, -0.0480001, 0.19145, 0, -0.0632708, 7.12061]"
"[0, 0.000632453, 0, -0.0387761, -0.0482401, 0.191616, 0, -0.0689825, 7.30553]"
"[0, 0.000630373, 0, -0.0388055, -0.0484801, 0.191717, 0, -0.120455, 7.36217]"
"[0, 0.000631624, 0, -0.0388332, -0.0487201, 0.192077, 0, -0.0414414, 7.80817]"
"[0, 0.000633237, 0, -0.0388789, -0.0489601, 0.192236, 0, -0.0444905, 7.95808]"
"[0, 0.000635872, 0, -0.0389208, -0.0492001, 0.192484, 0, -0.0301895, 8.11031]"
"[0, 0.00063473, 0, -0.03895, -0.0494401, 0.192673, 0, -0.0463145, 8.2638]"
"[0, 0.000636252, 0, -0.0389788, -0.0496801, 0.192821, 0, -0.0458923, 8.50947]"
"[0, 0.000635768, 0, -0.0390045, -0.0499201, 0.19287, 0, -0.0437349, 8.50666]"
"[0, 0.000638322, 0, -0.0390324, -0.0501601, 0.193104, 0, -0.0306649, 8.85333]"
"[0, 0.000638181, 0, -0.0390637, -0.0504001, 0.193269, 0, -0.037388, 9.05052]"
"[0, 0.00063814, 0, -0.0390984, -0.0506401, 0.193451, 0, -0.0255622, 9.11068]"
"[0, 0.000639989, 0, -0.0391325, -0.0508801, 0.193722, 0, -0.032599, 8.98795]"
"[0, 0.000641155, 0, -0.0391557, -0.0511201, 0.194098, 0, -0.041912, 9.59812]"
"[0, 0.000642101, 0, -0.0391982, -0.0513601, 0.194288, 0, -0.0214636, 9.57199]"
"[0, 0.000644084, 0, -0.0392421, -0.0516002, 0.194515, 0, -0.0327899, 9.98944]"
"[0, 0.000643868, 0, -0.0392723, -0.0518402, 0.194764, 0, -0.0246605, 10.2584]"
"[0, 0.000644682, 0, -0.0393052, -0.0520802, 0.194932, 0, -0.0112838, 10.4438]"
"[0, 0.000646522, 0, -0.0393365, -0.0523202, 0.195179, 0, -0.0131631, 10.7783]"
"[0, 0.000645915, 0, -0.0393652, -0.0525602, 0.195473, 0, -0.0116222, 10.6592]"
"[0, 0.000646273, 0, -0.0393942, -0.0528002, 0.195862, 0, -0.0223405, 11.0632]"
"[0, 0.000651809, 0, -0.0394349, -0.0530402, 0.196175, 0, -0.0211174, 11.1199]"
"[0, 0.000650149, 0, -0.0394809, -0.0532802, 0.196445, 0, -0.0318391, 11.2998]"
"[0, 0.00064967, 0, -0.0395272, -0.0535202, 0.19679, 0, -0.0300543, 11.7121]"
"[0, 0.000653695, 0, -0.039562, -0.0537602, 0.197125, 0, -0.0178378, 12.0967]"
"[0, 0.000654272, 0, -0.0396069, -0.0540002, 0.197383, 0, -0.0284913, 12.2189]"
"[1, 0.000658429, 0, -0.0396447, -0.0542402, 0.197731, 0, -0.0100421, 12.4461]"
"[1, 0.000653885, 0, -0.0396798, -0.0542402, 0.197899, 0, -0.0148879, 12.6972]"
"[1, 0.000657256, 0, -0.0397069, -0.0542402, 0.198321, 0, -0.000772564, 12.9821]"
"[1, 0.000657976, 0, -0.0397403, -0.0542402, 0.198539, 0, -0.0154978, 13.3065]"
"[1, 0.000660582, 2e-05, -0.0397846, -0.0540002, 0.198895, 0, -0.00753784, 13.5169]"
"[1, 0.000662334, 4e-05, -0.0398131, -0.0537602, 0.199148, 0, -0.00882748, 13.5931]"
"[1, 0.000658061, 6e-05, -0.039837, -0.0535202, 0.199344, 0, -0.0253858, 13.5408]"
"[1, 0.000661898, 8e-05, -0.0398555, -0.0532802, 0.199686, 0, -0.0142073, 13.7472]"
"[1, 0.000664361, 0.0001, -0.0398744, -0.0530402, 0.200069, 0, -0.0144914, 14.0911]"
"[1, 0.000666234, 0.00012, -0.0398942, -0.0528002, 0.200312, 0, -0.0182994, 13.9795]"
"[1, 0.000665763, 0.00014, -0.0399134, -0.0525602, 0.200465, 0, -0.0174249, 14.0969]"
"[1, 0.000665003, 0.00016, -0.0399288, -0.0523202, 0.200509, 0, -0.0193712, 14.0482]"
"[1, 0.000663563, 0.00018, -0.0399404, -0.0520802, 0.200874, 0, -0.0228716, 14.2838]"
"[1, 0.000667557, 0.0002, -0.0399522, -0.0518402, 0.201028, 0, -0.0267714, 14.1271]"
"[1, 0.000668041, 0.00022, -0.0399574, -0.0516002, 0.20108, 0, -0.0222969, 14.1463]"
"[1, 0.000666566, 0.00024, -0.0399581, -0.0513601, 0.201282, 0, -0.019096, 14.0206]"
"[1, 0.000668686, 0.00026, -0.0399647, -0.0511201, 0.201412, 0, -0.0122518, 13.9724]"
"[1, 0.000668248, 0.00028, -0.0399674, -0.0508801, 0.201503, 0, -0.019395, 13.8751]"
"[1, 0.000667529, 0.0003, -0.039966, -0.0506401, 0.201565, 0, -0.00978294, 13.945]"
"[1, 0.000669802, 0.00032, -0.0399678, -0.0504001, 0.20154, 0, 0.000907789, 13.8145]"
"[1, 0.000670196, 0.00034, -0.039968, -0.0501601, 0.201639, 0, -0.00553607, 13.7283]"
"[1, 0.000670356, 0.00036, -0.0399654, -0.0499201, 0.201658, 0, -0.0177188, 13.6295]"
"[1, 0.000669059, 0.00038, -0.0399621, -0.0496801, 0.201687, 0, -0.0196231, 13.5239]"
"[1, 0.000671174, 0.0004, -0.039964, -0.0494401, 0.201768, 0, -0.0117148, 13.5103]"
"[1, 0.000667737, 0.00042, -0.0399614, -0.0492001, 0.201777, 0, -0.0368614, 13.4704]"
"[1, 0.000668295, 0.00044, -0.0399578, -0.0489601, 0.201847, 0, -0.0301358, 13.3568]"
"[1, 0.000669623, 0.00046, -0.0399542, -0.0487201, 0.201916, 0, -0.0183552, 13.3171]"
"[1, 0.00067124, 0.00048, -0.0399534, -0.0484801, 0.202044, 0, -0.0282228, 13.143]"
"[1, 0.000669841, 0.0005, -0.0399505, -0.0482401, 0.20203, 0, -0.0425391, 13.0508]"
"[1, 0.000670521, 0.00052, -0.039952, -0.0480001, 0.20211, 0, -0.0471046, 12.9959]"
"[1, 0.000670046, 0.00054, -0.0399489, -0.0477601, 0.202138, 0, -0.0414577, 12.8191]"
"[1, 0.000673173, 0.00056, -0.0399449, -0.0475201, 0.202132, 0, -0.0439703, 12.8019]"
"[1, 0.000670432, 0.00058, -0.0399435, -0.0472801, 0.202102, 0, -0.0362294, 12.5126]"
"[1, 0.000671852, 0.0006, -0.0399364, -0.0470401, 0.202273, 0, -0.0553971, 12.4883]"
"[1, 0.000668738, 0.00062, -0.0399276, -0.0468001, 0.202212, 0, -0.0512764, 12.4034]"
"[1, 0.000670821, 0.00064, -0.03992, -0.0465601, 0.202259, 0, -0.0374074, 12.1195]"
"[1, 0.00067183, 0.00066, -0.0399045, -0.0463201, 0.202316, 0, -0.0763941, 12.1247]"
"[1, 0.000671678, 0.00068, -0.0398909, -0.0460801, 0.202307, 0, -0.0684542, 12.0961]"
"[1, 0.000672809, 0.0007, -0.0398848, -0.0458401, 0.202428, 0, -0.0798657, 11.7673]"
"[1, 0.000669706, 0.00072, -0.0398754, -0.0456001, 0.202316, 0, -0.084508, 11.5008]"
"[1, 0.000668809, 0.00074, -0.0398586, -0.0453601, 0.202271, 0, -0.0796789, 11.452]"
"[1, 0.000673561, 0.00076, -0.0398456, -0.0451201, 0.202445, 0, -0.0839982, 11.2345]"
"[1, 0.000670857, 0.00078, -0.0398387, -0.0448801, 0.202446, 0, -0.0887591, 10.9374]"
"[1, 0.000670757, 0.0008, -0.0398186, -0.0446401, 0.202412, 0, -0.103187, 10.9194]"
"[1, 0.000668997, 0.00082, -0.0398041, -0.0444001, 0.202449, 0, -0.0933294, 10.6484]"
"[1, 0.000671087, 0.00084, -0.0397927, -0.0441601, 0.202514, 0, -0.119543, 10.4647]"
"[1, 0.000670248, 0.00086, -0.0397797, -0.0439201, 0.202406, 0, -0.106503, 10.2942]"
"[1, 0.000668634, 0.00088, -0.0397616, -0.0436801, 0.202483, 0, -0.121095, 10.0199]"
"[1, 0.000670354, 0.0009, -0.0397496, -0.0434401, 0.202515, 0, -0.114027, 9.76235]"
"[1, 0.000670542, 0.00092, -0.0397326, -0.0432001, 0.202564, 0, -0.139535, 9.60317]"
"[1, 0.000668887, 0.00094, -0.0397179, -0.0429601, 0.202512, 0, -0.153372, 9.46819]"
"[1, 0.000670344, 0.00096, -0.0397014, -0.0427201, 0.202571, 0, -0.144239, 9.28812]"
"[1, 0.000670422, 0.00098, -0.0396858, -0.0424801, 0.202561, 0, -0.152013, 9.10328]"
"[1, 0.000670116, 0.001, -0.0396706, -0.0422401, 0.202487, 0, -0.143863, 8.88386]"
"[1, 0.000671048, 0.00102, -0.0396529, -0.0420001, 0.202558, 0, -0.164731, 8.58367]"
"[1, 0.000669759, 0.00104, -0.0396332, -0.0417601, 0.202581, 0, -0.150742, 8.579]"
"[1, 0.000669479, 0.00106, -0.0396149, -0.0415201, 0.202531, 0, -0.167465, 8.28]"
"[1, 0.000670385, 0.00108, -0.0395966, -0.0412801, 0.202603, 0, -0.17642, 8.00561]"
"[1, 0.000671909, 0.0011, -0.0395683, -0.0410401, 0.202565, 0, -0.14481, 7.95544]"
"[1, 0.00067005, 0.00112, -0.0395491, -0.0408001, 0.202591, 0, -0.218587, 7.87483]"
"[1, 0.000670017, 0.00114, -0.0395328, -0.0405601, 0.202599, 0, -0.201343, 7.62425]"
"[1, 0.000669723, 0.00116, -0.0395181, -0.0403201, 0.202607, 0, -0.223855, 7.47731]"
"[1, 0.000670426, 0.00118, -0.0394998, -0.0400801, 0.202618, 0, -0.209669, 7.24717]"
"[1, 0.000668519, 0.0012, -0.0394805, -0.0398401, 0.202572, 0, -0.196198, 7.13837]"
"[1, 0.000669175, 0.00122, -0.03945, -0.0396001, 0.202501, 0, -0.222924, 6.78693]"
"[1, 0.000667916, 0.00124, -0.0394199, -0.0393601, 0.202476, 0, -0.248917, 6.75493]"
"[1, 0.000668042, 0.00126, -0.039393, -0.0391201, 0.202445, 0, -0.244012, 6.5357]"
"[1, 0.000670156, 0.00128, -0.0393696, -0.0388801, 0.20244, 0, -0.264201, 6.20023]"
"[1, 0.000669005, 0.0013, -0.0393438, -0.0386401, 0.20241, 0, -0.275777, 6.27115]"
"[1, 0.000672408, 0.00132, -0.0393308, -0.0384001, 0.202486, 0, -0.279209, 5.93792]"
"[1, 0.000667339, 0.00134, -0.0393053, -0.03816, 0.202418, 0, -0.285073, 5.7042]"
"[1, 0.000670242, 0.00136, -0.0392741, -0.03792, 0.202479, 0, -0.284863, 5.60261]"
"[1, 0.000667211, 0.00138, -0.0392467, -0.03768, 0.202399, 0, -0.286772, 5.54866]"
"[1, 0.000666706, 0.0014, -0.039227, -0.03744, 0.202321, 0, -0.307448, 5.34154]"
"[1, 0.000666119, 0.00142, -0.0392058, -0.0372, 0.202388, 0, -0.329516, 5.10873]"
"[1, 0.000665644, 0.00144, -0.0391735, -0.03696, 0.202369, 0, -0.320186, 4.97553]"
"[1, 0.00066556, 0.00146, -0.0391405, -0.03672, 0.202247, 0, -0.33185, 4.72645]"
"[1, 0.000663224, 0.00148, -0.0391098, -0.03648, 0.202192, 0, -0.344649, 4.68627]"
"[1, 0.000665336, 0.0015, -0.0390757, -0.03624, 0.202133, 0, -0.332456, 4.28079]"
"[1, 0.000665207, 0.00152, -0.0390389, -0.036, 0.20202, 0, -0.360675, 4.32553]"
"[1, 0.000664026, 0.00154, -0.0390048, -0.03576, 0.2019, 0, -0.355059, 3.93985]"
"[1, 0.000664019, 0.00156, -0.0389715, -0.03552, 0.201871, 0, -0.370582, 3.98532]"
"[1, 0.000666531, 0.00158, -0.0389435, -0.03528, 0.201857, 0, -0.371533, 3.65307]"
"[1, 0.000664508, 0.0016, -0.0389118, -0.03504, 0.201674, 0, -0.38178, 3.35268]"
"[1, 0.000663994, 0.00162, -0.0388754, -0.0348, 0.201579, 0, -0.40623, 3.19993]"
"[1, 0.000662686, 0.00164, -0.0388418, -0.03456, 0.201494, 0, -0.411436, 3.03699]"
"[1, 0.000661242, 0.00166, -0.038803, -0.03432, 0.201347, 0, -0.377656, 2.76125]"
"[1, 0.000660541, 0.00168, -0.0387606, -0.03408, 0.201235, 0, -0.438394, 2.84257]"
"[1, 0.000662658, 0.0017, -0.0387167, -0.03384, 0.201203, 0, -0.403024, 2.42533]"
"[1, 0.000663227, 0.00172, -0.0386798, -0.0336, 0.201111, 0, -0.426771, 2.35072]"
"[1, 0.000659004, 0.00174, -0.0386504, -0.03336, 0.200909, 0, -0.449246, 2.12661]"
"[1, 0.000659137, 0.00176, -0.0386244, -0.03312, 0.20075, 0, -0.398393, 1.78653]"
"[1, 0.000659397, 0.00178, -0.0385895, -0.03288, 0.200613, 0, -0.477354, 1.43939]"
"[1, 0.00066034, 0.0018, -0.0385488, -0.03264, 0.200509, 0, -0.493652, 1.3978]"
"[1, 0.000657398, 0.00182, -0.0385002, -0.0324, 0.200023, 0, -0.496666, 1.17795]"
"[1, 0.000656021, 0.00184, -0.0384385, -0.03216, 0.199926, 0, -0.508344, 1.16581]"
"[1, 0.000671303, 0.00186, -0.0384019, -0.03192, 0.2001, 0, -0.382342, 0.441186]"
"[1, 0.00067875, 0.00188, -0.0383635, -0.03168, 0.200261, 0, -0.370848, 0.0744767]"
"[1, 0.000676906, 0.0019, -0.0383219, -0.03168, 0.200315, 0, -0.361026, -0.0197655]"
"[1, 0.000675012, 0.00192, -0.0382844, -0.03168, 0.200341, 0, -0.393355, -0.038025]"
"[1, 0.000680553, 0.00194, -0.0382254, -0.03168, 0.200514, 0, -0.32919, -0.194186]"
"[1, 0.000679776, 0.00196, -0.0381699, -0.03168, 0.200547, 0, -0.410608, -0.24374]"
"[1, 0.000680205, 0.00198, -0.0381117, -0.03168, 0.200553, 0, -0.400397, -0.17057]"
"[1, 0.000686342, 0.002, -0.0380511, -0.03168, 0.200652, 0, -0.394925, -0.216548]"
"[1, 0.000685815, 0.00202, -0.0379874, -0.03168, 0.200449, 0, -0.349218, -0.440104]"
"[1, 0.000687207, 0.00204, -0.0379212, -0.03168, 0.200239, 0, -0.389723, -0.462388]"
"[1, 0.000684291, 0.00206, -0.0378391, -0.03168, 0.200056, 0, -0.35088, -0.443731]"
"[1, 0.000687668, 0.00208, -0.0377647, -0.03168, 0.199963, 0, -0.414643, -0.435194]"
"[1, 0.00068963, 0.0021, -0.0376991, -0.03168, 0.199646, 0, -0.371848, -0.568799]"
"[1, 0.000694251, 0.00212, -0.0376375, -0.03168, 0.199691, 0, -0.427951, -0.519153]"
"[1, 0.000693294, 0.00214, -0.037573, -0.03168, 0.199417, 0, -0.43091, -0.524944]"
"[1, 0.000694524, 0.00216, -0.0375123, -0.03168, 0.199353, 0, -0.471266, -0.587396]"
"[1, 0.000699473, 0.00218, -0.0374541, -0.03168, 0.199435, 0, -0.443348, -0.893661]"
"[1, 0.00070534, 0.0022, -0.037408, -0.03168, 0.199318, 0, -0.428532, -0.739256]"
"[1, 0.000710825, 0.00222, -0.0373584, -0.03168, 0.199312, 0, -0.499348, -0.517949]"
"[1, 0.000715941, 0.00224, -0.0373151, -0.03168, 0.199307, 0, -0.484319, -0.741982]"
"[1, 0.000716969, 0.00226, -0.0372796, -0.03168, 0.199267, 0, -0.466468, -0.652252]"
"[1, 0.000720973, 0.00228, -0.0372454, -0.03168, 0.199188, 0, -0.482259, -0.603064]"
"[1, 0.000730363, 0.0023, -0.0372179, -0.03168, 0.199229, 0, -0.498376, -0.35787]"
"[1, 0.000739533, 0.00232, -0.0372016, -0.03168, 0.199126, 0, -0.517929, -0.784453]"
"[1, 0.000750928, 0.00234, -0.0371774, -0.03168, 0.199245, 0, -0.568573, -0.616813]"
"[1, 0.000766788, 0.00236, -0.0371568, -0.03168, 0.199305, 0, -0.392149, -0.72034]"
"[1, 0.000780814, 0.00238, -0.0371361, -0.03168, 0.199344, 0, -0.552512, -0.567573]"
"[1, 0.000791569, 0.0024, -0.0371222, -0.03168, 0.199294, 0, -0.414866, -0.540318]"
"[1, 0.000799158, 0.00242, -0.0371067, -0.03168, 0.19924, 0, -0.575257, -0.629231]"
"[1, 0.000808831, 0.00244, -0.0370984, -0.03168, 0.199275, 0, -0.580625, -0.690402]"
"[1, 0.000814214, 0.00246, -0.0370874, -0.03168, 0.199301, 0, -0.612083, -0.620783]"
"[1, 0.000829851, 0.00248, -0.0370783, -0.03168, 0.199411, 0, -0.550073, -0.566525]"
"[1, 0.000843082, 0.0025, -0.0370699, -0.03168, 0.19936, 0, -0.674511, -0.600028]"
"[1, 0.000856778, 0.00252, -0.0370642, -0.03168, 0.199445, 0, -0.599105, -0.564359]"
"[1, 0.000877242, 0.00254, -0.0370589, -0.03168, 0.19954, 0, -0.560481, -0.566173]"
"[1, 0.000888285, 0.00256, -0.0370538, -0.03168, 0.199644, 0, -0.489199, -0.618757]"
"[1, 0.000898235, 0.00258, -0.0370477, -0.03168, 0.19962, 0, -0.564464, -0.602142]"
"[1, 0.000909184, 0.0026, -0.0370419, -0.03168, 0.19965, 0, -0.5974, -0.531298]"
"[1, 0.00092144, 0.00262, -0.0370364, -0.03168, 0.199883, 0, -0.595585, -0.554289]"
"[1, 0.000936161, 0.00264, -0.0370317, -0.03168, 0.199908, 0, -0.633714, -0.591166]"
"[1, 0.000951176, 0.00266, -0.0370294, -0.03168, 0.200172, 0, -0.579048, -0.47001]"
"[1, 0.000964437, 0.00268, -0.0370226, -0.03168, 0.200262, 0, -0.593794, -0.562702]"
"[1, 0.000976765, 0.0027, -0.0370176, -0.03168, 0.200608, 0, -0.584275, -0.60881]"
"[1, 0.000985937, 0.00272, -0.0370128, -0.03168, 0.200767, 0, -0.604591, -0.590775]"
"[1, 0.00100285, 0.00274, -0.0370055, -0.03168, 0.201525, 0, -0.693955, -0.599481]"
"[1, 0.00102863, 0.00276, -0.0369995, -0.03168, 0.202066, 0, -0.556554, -0.530711]"
"[1, 0.00105004, 0.00278, -0.0369998, -0.03168, 0.202543, 0, -0.613554, -0.536025]"
"[1, 0.00105909, 0.0028, -0.0369973, -0.03168, 0.202809, 0, -0.596509, -0.530195]"
"[1, 0.00106836, 0.00282, -0.0369939, -0.03168, 0.202893, 0, -0.649726, -0.524637]"
"[1, 0.00107955, 0.00284, -0.0369902, -0.03168, 0.203357, 0, -0.614404, -0.572622]"
"[1, 0.00109379, 0.00286, -0.036989, -0.03168, 0.203697, 0, -0.568851, -0.565319]"
"[1, 0.00110761, 0.00288, -0.0369877, -0.03168, 0.203913, 0, -0.582204, -0.579583]"
"[1, 0.00111716, 0.0029, -0.036984, -0.03168, 0.204166, 0, -0.529562, -0.55741]"
"[1, 0.00112486, 0.00292, -0.036986, -0.03168, 0.204296, 0, -0.614018, -0.550634]"
"[1, 0.00113416, 0.00294, -0.0369813, -0.03168, 0.204554, 0, -0.626079, -0.563507]"
"[1, 0.00114009, 0.00296, -0.0369836, -0.03168, 0.204773, 0, -0.592554, -0.582489]"
"[1, 0.00115055, 0.00298, -0.0369813, -0.03168, 0.205066, 0, -0.665304, -0.575712]"
"[1, 0.00115978, 0.003, -0.036978, -0.03168, 0.205275, 0, -0.608219, -0.584612]"
"[1, 0.00117247, 0.00302, -0.0369747, -0.03168, 0.205548, 0, -0.651054, -0.547166]"
"[1, 0.00118162, 0.00304, -0.0369739, -0.03168, 0.205931, 0, -0.66267, -0.580714]"
"[1, 0.00120002, 0.00306, -0.0369737, -0.03168, 0.206226, 0, -0.484894, -0.589775]"
"[1, 0.00120917, 0.00308, -0.0369724, -0.03168, 0.20658, 0, -0.483097, -0.570594]"
"[1, 0.00121569, 0.0031, -0.0369696, -0.03168, 0.206776, 0, -0.657469, -0.591793]"
"[1, 0.00122151, 0.00312, -0.0369688, -0.03168, 0.206937, 0, -0.712296, -0.606647]"
"[1, 0.00123561, 0.00314, -0.0369649, -0.03168, 0.20729, 0, -0.679486, -0.593304]"
"[1, 0.00124851, 0.00316, -0.036964, -0.03168, 0.207515, 0, -0.637232, -0.586848]"
"[1, 0.00125896, 0.00318, -0.0369633, -0.03168, 0.207853, 0, -0.659371, -0.610109]"
"[1, 0.00127095, 0.0032, -0.0369611, -0.03168, 0.208203, 0, -0.660035, -0.59645]"
"[1, 0.0012838, 0.00322, -0.0369597, -0.03168, 0.208536, 0, -0.669045, -0.544362]"
"[1, 0.00130078, 0.00324, -0.0369597, -0.03168, 0.208896, 0, -0.662903, -0.58407]"
"[1, 0.00131445, 0.00326, -0.0369576, -0.03168, 0.209231, 0, -0.622279, -0.61843]"
"[1, 0.00132809, 0.00328, -0.0369553, -0.03168, 0.209487, 0, -0.691489, -0.533588]"
"[1, 0.00135129, 0.0033, -0.0369528, -0.03168, 0.210226, 0, -0.727599, -0.638385]"
"[1, 0.00138375, 0.00332, -0.0369503, -0.03168, 0.211102, 0, -0.652204, -0.596022]"
"[1, 0.00140733, 0.00334, -0.0369529, -0.03168, 0.211618, 0, -0.436062, -0.622649]"
"[1, 0.00141797, 0.00336, -0.0369497, -0.03168, 0.211814, 0, -0.613345, -0.614629]"
"[1, 0.00142736, 0.00338, -0.0369464, -0.03168, 0.211911, 0, -0.751319, -0.602171]"
"[1, 0.00144036, 0.0034, -0.0369465, -0.03168, 0.212136, 0, -0.62577, -0.588328]"
"[1, 0.00145223, 0.00342, -0.0369465, -0.03168, 0.21225, 0, -0.703186, -0.519344]"
"[1, 0.0014609, 0.00344, -0.0369445, -0.03168, 0.21246, 0, -0.755346, -0.61681]"
"[1, 0.00147127, 0.00346, -0.036944, -0.03168, 0.21261, 0, -0.697474, -0.617361]"
"[1, 0.00148712, 0.00348, -0.0369433, -0.03168, 0.212843, 0, -0.726105, -0.609111]"
"[1, 0.00149926, 0.00349999, -0.036939, -0.03168, 0.212966, 0, -0.688373, -0.586073]"
"[1, 0.00150608, 0.00351999, -0.0369378, -0.03168, 0.213235, 0, -0.720549, -0.591179]"
"[1, 0.00152203, 0.00353999, -0.0369346, -0.03168, 0.213625, 0, -0.608625, -0.567207]"
"[1, 0.00152603, 0.00355999, -0.0369361, -0.03168, 0.213709, 0, -0.632866, -0.583878]"
"[1, 0.00153787, 0.00357999, -0.0369327, -0.03168, 0.21406, 0, -0.702266, -0.576716]"
"[1, 0.00155167, 0.00359999, -0.0369332, -0.03168, 0.214371, 0, -0.684187, -0.600919]"
"[1, 0.00156627, 0.00361999, -0.0369334, -0.03168, 0.214754, 0, -0.71889, -0.580061]"
"[1, 0.00158267, 0.00363999, -0.0369328, -0.03168, 0.215375, 0, -0.65471, -0.594099]"
"[1, 0.00159985, 0.00365999, -0.0369302, -0.03168, 0.215727, 0, -0.681683, -0.601915]"
"[1, 0.00160928, 0.00367999, -0.036929, -0.03168, 0.216105, 0, -0.723903, -0.611421]"
"[1, 0.0016233, 0.00369999, -0.0369284, -0.03168, 0.216489, 0, -0.626712, -0.559135]"
"[1, 0.00163724, 0.00371999, -0.0369282, -0.03168, 0.216856, 0, -0.645349, -0.609744]"
"[1, 0.00165203, 0.00373999, -0.0369265, -0.03168, 0.217236, 0, -0.670588, -0.612505]"
"[1, 0.00165953, 0.00375999, -0.0369267, -0.03168, 0.217546, 0, -0.624483, -0.582295]"
"[1, 0.00167109, 0.00377999, -0.0369246, -0.03168, 0.217822, 0, -0.701184, -0.589288]"
"[1, 0.00168225, 0.00379999, -0.036924, -0.03168, 0.218146, 0, -0.653095, -0.597994]"
"[1, 0.00169559, 0.00381999, -0.0369193, -0.03168, 0.218556, 0, -0.701073, -0.57781]"
"[1, 0.00171226, 0.00383999, -0.0369194, -0.03168, 0.218904, 0, -0.634455, -0.571069]"
"[1, 0.00172801, 0.00385999, -0.0369199, -0.03168, 0.21938, 0, -0.758862, -0.550279]"
"[1, 0.00174758, 0.00387999, -0.0369189, -0.03168, 0.220001, 0, -0.760776, -0.58664]"
"[1, 0.0017681, 0.00389999, -0.0369171, -0.03168, 0.220603, 0, -0.649536, -0.566622]"
"[1, 0.00178923, 0.00391999, -0.0369185, -0.03168, 0.221196, 0, -0.641113, -0.530782]"
"[1, 0.00180389, 0.00393999, -0.0369169, -0.03168, 0.22155, 0, -0.6766, -0.620549]"
"[1, 0.00181872, 0.00395999, -0.0369184, -0.03168, 0.222056, 0, -0.747063, -0.621043]"
"[1, 0.00183708, 0.00397999, -0.0369163, -0.03168, 0.222596, 0, -0.696937, -0.595096]"
"[1, 0.00185212, 0.00399999, -0.0369146, -0.03168, 0.222875, 0, -0.683783, -0.596257]"
"[1, 0.00186451, 0.00401999, -0.0369156, -0.03168, 0.223289, 0, -0.776046, -0.604696]"
"[1, 0.00187388, 0.00403999, -0.036913, -0.03168, 0.223646, 0, -0.672821, -0.602618]"
"[1, 0.00189261, 0.00405999, -0.0369127, -0.03168, 0.22413, 0, -0.618335, -0.601013]"
"[1, 0.00190441, 0.00407999, -0.0369108, -0.03168, 0.224394, 0, -0.65701, -0.60546]"
"[1, 0.00191326, 0.00409999, -0.036912, -0.03168, 0.224776, 0, -0.679431, -0.573902]"
"[1, 0.00192515, 0.00412, -0.0369119, -0.03168, 0.225049, 0, -0.749073, -0.582422]"
"[1, 0.0019384, 0.00414, -0.0369119, -0.03168, 0.225429, 0, -0.754739, -0.578919]"
"[1, 0.00195336, 0.00416, -0.0369097, -0.03168, 0.225706, 0, -0.662346, -0.57861]"
"[1, 0.00196654, 0.00418, -0.0369082, -0.03168, 0.226033, 0, -0.701104, -0.582118]"
"[1, 0.00198203, 0.0042, -0.0369089, -0.03168, 0.226487, 0, -0.765658, -0.594577]"
"[1, 0.00199595, 0.00422, -0.0369059, -0.03168, 0.226752, 0, -0.768525, -0.587904]"
"[1, 0.00201411, 0.00424, -0.0369068, -0.03168, 0.227113, 0, -0.765721, -0.574795]"
"[1, 0.00202829, 0.00426, -0.0369073, -0.03168, 0.227411, 0, -0.657463, -0.573163]"
"[1, 0.00204302, 0.00428, -0.0369084, -0.03168, 0.227644, 0, -0.74668, -0.590512]"
"[1, 0.0020576, 0.0043, -0.0369053, -0.03168, 0.227797, 0, -0.730312, -0.582783]"
"[1, 0.00207746, 0.00432, -0.0369046, -0.03168, 0.227972, 0, -0.793842, -0.561938]"
"[1, 0.00209765, 0.00434, -0.0369037, -0.03168, 0.228183, 0, -0.764414, -0.565399]"
"[1, 0.00211708, 0.00436, -0.036904, -0.03168, 0.228443, 0, -0.738104, -0.523429]"
"[1, 0.00213698, 0.00438, -0.0369038, -0.03168, 0.228772, 0, -0.76833, -0.553145]"
"[1, 0.00215044, 0.0044, -0.0369049, -0.03168, 0.22893, 0, -0.734828, -0.573554]"
"[1, 0.00216325, 0.00442, -0.0369039, -0.03168, 0.229206, 0, -0.806568, -0.572743]"
"[1, 0.00217179, 0.00444, -0.0369009, -0.03168, 0.229431, 0, -0.783371, -0.572505]"
"[1, 0.00218845, 0.00446, -0.036902, -0.03168, 0.229823, 0, -0.85434, -0.579274]"
"[1, 0.00220461, 0.00448, -0.0368991, -0.03168, 0.230182, 0, -0.7423, -0.58214]"
"[1, 0.00222893, 0.0045, -0.0369004, -0.03168, 0.230814, 0, -0.754559, -0.587833]"
"[1, 0.00224354, 0.00452, -0.0369009, -0.03168, 0.231312, 0, -0.742723, -0.584464]"
"[1, 0.00226239, 0.00454, -0.0368982, -0.03168, 0.231699, 0, -0.682588, -0.571088]"
"[1, 0.00228153, 0.00456, -0.0369009, -0.03168, 0.232195, 0, -0.778249, -0.598279]"
"[1, 0.00229386, 0.00458, -0.0368984, -0.03168, 0.232565, 0, -0.815728, -0.57748]"
"[1, 0.00230814, 0.0046, -0.0368965, -0.03168, 0.232812, 0, -0.763455, -0.551087]"
"[1, 0.00232192, 0.00462, -0.0368979, -0.03168, 0.233188, 0, -0.799671, -0.565366]"
"[1, 0.00233772, 0.00464, -0.0368962, -0.03168, 0.233517, 0, -0.746057, -0.561356]"
"[1, 0.00234821, 0.00466, -0.0368956, -0.03168, 0.233757, 0, -0.805746, -0.556584]"
"[2, 0.00236288, 0.00466, -0.0368949, -0.03168, 0.23409, 0, -0.738733, -0.47071]"
"[2, 0.00237581, 0.00466, -0.036896, -0.03168, 0.234403, 0.2, -0.771778, -0.619424]"
"[2, 0.00238616, 0.00466, -0.0368955, -0.03168, 0.234719, 0.4, -0.843438, -0.591472]"
"[2, 0.00240351, 0.00466, -0.0368931, -0.03168, 0.235133, 0.6, -0.781767, -0.600016]"
"[2, 0.0024232, 0.00466, -0.0368914, -0.03168, 0.235573, 0.8, -0.706802, -0.590925]"
"[2, 0.00243416, 0.00466, -0.0368926, -0.03168, 0.235852, 1, -0.699182, -0.570212]"
"[2, 0.00244878, 0.00466, -0.0368911, -0.03168, 0.236208, 1.2, -0.716359, -0.573685]"
"[2, 0.00246125, 0.00466, -0.0368922, -0.03168, 0.236534, 1.4, -0.839009, -0.583997]"
"[2, 0.00247588, 0.00466, -0.0368924, -0.03168, 0.237012, 1.6, -0.815813, -0.565832]"
"[2, 0.00249583, 0.00466, -0.0368917, -0.03168, 0.237562, 1.8, -0.844666, -0.574488]"
"[2, 0.00251897, 0.00466, -0.0368924, -0.03168, 0.238296, 2, -0.849107, -0.563951]"
"[2, 0.00254181, 0.00466, -0.0368904, -0.03168, 0.238988, 2.2, -0.688048, -0.576443]"
"[2, 0.00256692, 0.00466, -0.0368899, -0.03168, 0.239805, 2.4, -0.741199, -0.571034]"
"[2, 0.00259077, 0.00466, -0.0368882, -0.03168, 0.240489, 2.6, -0.811827, -0.614649]"
"[2, 0.00261197, 0.00466, -0.0368855, -0.03168, 0.241192, 2.8, -0.676006, -0.568564]"
"[2, 0.00263401, 0.00466, -0.0368853, -0.03168, 0.241985, 3, -0.901727, -0.601741]"
"[2, 0.00266216, 0.00466, -0.0368847, -0.03168, 0.24286, 3.2, -0.804752, -0.589454]"
"[2, 0.00269473, 0.00466, -0.0368831, -0.03168, 0.24392, 3.4, -0.706366, -0.586505]"
"[2, 0.0027202, 0.00466, -0.0368826, -0.03168, 0.244792, 3.6, -0.809082, -0.615592]"
"[2, 0.00274618, 0.00466, -0.0368826, -0.03168, 0.246023, 3.8, -0.695436, -0.603084]"
"[2, 0.00277143, 0.00466, -0.0368846, -0.03168, 0.248192, 4, -0.644119, -0.623463]"
"[2, 0.00280563, 0.00466, -0.0368809, -0.03168, 0.255471, 4.2, -0.787489, -0.622458]"
"[2, 0.00283976, 0.00466, -0.0368805, -0.03168, 0.258734, 4.4, -0.747247, -0.637773]"
"[2, 0.00288089, 0.00466, -0.0368824, -0.03168, 0.263702, 4.6, -0.447424, -0.599368]"
"[2, 0.00291888, 0.00466, -0.0368794, -0.03168, 0.269732, 4.8, -0.753972, -0.608288]"
"[2, 0.00295427, 0.00466, -0.0368768, -0.03168, 0.27437, 5, -0.640389, -0.599316]"
"[2, 0.00300876, 0.00466, -0.0368781, -0.03168, 0.282268, 5.2, -0.642976, -0.607937]"
"[2, 0.00306428, 0.00466, -0.0368781, -0.03168, 0.290438, 5.4, -0.640722, -0.585118]"
"[2, 0.00312622, 0.00466, -0.0368739, -0.03168, 0.301737, 5.6, -0.710816, -0.590702]"
"[2, 0.00320116, 0.00466, -0.036874, -0.03168, 0.312879, 5.8, -0.551106, -0.592001]"
"[2, 0.00327962, 0.00466, -0.0368736, -0.03168, 0.326813, 6, -0.466676, -0.603964]"
"[2, 0.00335276, 0.00466, -0.0368723, -0.03168, 0.341366, 6.2, -0.318296, -0.637291]"
"[2, 0.00343323, 0.00466, -0.0368723, -0.03168, 0.358254, 6.4, -0.374239, -0.603962]"
"[2, 0.00350501, 0.00466, -0.0368675, -0.03168, 0.37353, 6.6, -0.613605, -0.6167]"
"[2, 0.00357651, 0.00466, -0.0368694, -0.03168, 0.388086, 6.8, -0.358002, -0.600566]"
"[2, 0.00365759, 0.00466, -0.0368668, -0.03168, 0.407424, 7, -0.455218, -0.603529]"
"[2, 0.00373723, 0.00466, -0.0368671, -0.03168, 0.42958, 7.2, -0.378744, -0.621184]"
"[2, 0.003814, 0.00466, -0.0368616, -0.03168, 0.452763, 7.4, -0.364438, -0.584946]"
"[2, 0.00388472, 0.00466, -0.0368609, -0.03168, 0.475941, 7.6, -0.452935, -0.612269]"
"[2, 0.0039635, 0.00466, -0.0368623, -0.03168, 0.502774, 7.8, -0.554514, -0.618544]"
"[2, 0.00404059, 0.00466, -0.0368621, -0.03168, 0.528964, 8, -0.360777, -0.624855]"
"[2, 0.00412876, 0.00466, -0.036857, -0.03168, 0.562732, 8.2, -0.515744, -0.561982]"
"[2, 0.00418529, 0.00466, -0.0368579, -0.03168, 0.58846, 8.4, -0.304274, -0.645123]"
"[2, 0.00423436, 0.00466, -0.0368581, -0.03168, 0.610159, 8.6, -0.292422, -0.625598]"
"[2, 0.00429113, 0.00466, -0.0368559, -0.03168, 0.633041, 8.8, -0.222105, -0.622918]"
"[2, 0.00433455, 0.00466, -0.0368568, -0.03168, 0.654267, 9, -0.195697, -0.589171]"
"[2, 0.00439561, 0.00466, -0.0368545, -0.03168, 0.68267, 9.2, -0.103404, -0.598713]"
"[2, 0.00445896, 0.00466, -0.036853, -0.03168, 0.717328, 9.4, -0.208514, -0.594421]"
"[2, 0.00453277, 0.00466, -0.0368504, -0.03168, 0.758696, 9.6, -0.179728, -0.598335]"
"[2, 0.00459378, 0.00466, -0.0368463, -0.03168, 0.798129, 9.8, -0.227761, -0.596355]"
"[2, 0.00465994, 0.00466, -0.0368469, -0.03168, 0.839726, 10, -0.180252, -0.579166]"
"[2, 0.00474807, 0.00466, -0.036846, -0.03168, 0.895444, 10.2, -0.149381, -0.53267]"
"[2, 0.00484727, 0.00466, -0.0368445, -0.03168, 0.962549, 10.4, -0.128277, -0.567757]"
"[2, 0.0049245, 0.00466, -0.0368394, -0.03168, 1.02865, 10.6, -0.051706, -0.551371]"
"[2, 0.00500264, 0.00466, -0.0368408, -0.03168, 1.09916, 10.8, 0.0274814, -0.562279]"
"[2, 0.00507325, 0.00466, -0.0368359, -0.03168, 1.16829, 11, 0.0253107, -0.539433]"
"[2, 0.00514404, 0.00466, -0.0368345, -0.03168, 1.2346, 11.2, 0.0916733, -0.535937]"
"[2, 0.00522396, 0.00466, -0.0368331, -0.03168, 1.30636, 11.4, 0.149028, -0.549144]"
"[2, 0.00530434, 0.00466, -0.0368319, -0.03168, 1.38103, 11.6, 0.229386, -0.523949]"
"[2, 0.00539426, 0.00466, -0.0368268, -0.03168, 1.45576, 11.8, 0.378723, -0.498525]"
"[2, 0.00549358, 0.00466, -0.0368259, -0.03168, 1.54424, 12, 0.236042, -0.500117]"
"[2, 0.00558952, 0.00466, -0.0368224, -0.03168, 1.63777, 12.2, 0.178825, -0.511074]"
"[2, 0.00568442, 0.00466, -0.0368193, -0.03168, 1.72753, 12.4, 0.303493, -0.535681]"
"[2, 0.00577826, 0.00466, -0.0368153, -0.03168, 1.81442, 12.6, 0.300885, -0.531233]"
"[2, 0.00588339, 0.00466, -0.0368138, -0.03168, 1.91058, 12.8, 0.300049, -0.521419]"
"[2, 0.00597908, 0.00466, -0.0368043, -0.03168, 2.00842, 13, 0.296659, -0.517463]"
"[2, 0.00608331, 0.00466, -0.0368062, -0.03168, 2.11802, 13.2, 0.356534, -0.492219]"
"[2, 0.00616063, 0.00466, -0.0368001, -0.03168, 2.22056, 13.4, 0.584925, -0.584893]"
"[2, 0.00621436, 0.00466, -0.0367951, -0.03168, 2.32531, 13.6, 0.409426, -0.550893]"
"[2, 0.00626312, 0.00466, -0.0367923, -0.03168, 2.42579, 13.8, 0.51152, -0.569672]"
"[2, 0.00631084, 0.00466, -0.0367876, -0.03168, 2.52382, 14, 0.45296, -0.567159]"
"[2, 0.00638435, 0.00466, -0.0367871, -0.03168, 2.63966, 14.2, 0.600117, -0.595933]"
"[2, 0.00647873, 0.00466, -0.0367889, -0.03168, 2.76611, 14.4, 0.508936, -0.504543]"
"[2, 0.00655804, 0.00466, -0.0367785, -0.03168, 2.86829, 14.6, 0.660039, -0.720257]"
"[2, 0.00663795, 0.00466, -0.0367622, -0.03168, 2.97828, 14.8, 0.617736, -0.702933]"
"[2, 0.00671448, 0.00466, -0.0367553, -0.03168, 3.0875, 15, 0.668703, -0.759497]"
"[2, 0.00680507, 0.00466, -0.0367492, -0.03168, 3.20033, 15.2, 0.602439, -0.726407]"
"[2, 0.00689111, 0.00466, -0.0367433, -0.03168, 3.31479, 15.4, 0.642297, -0.816627]"
"[2, 0.00697208, 0.00466, -0.0367364, -0.03168, 3.42846, 15.6, 0.849969, -0.723609]"
"[2, 0.00703335, 0.00466, -0.0367333, -0.03168, 3.53038, 15.8, 0.67482, -0.723834]"
"[2, 0.00709364, 0.00466, -0.0367279, -0.03168, 3.65319, 16, 0.78442, -0.762531]"
"[2, 0.00715357, 0.00466, -0.0367273, -0.03168, 3.76443, 16.2, 0.669314, -0.782354]"
"[2, 0.00723613, 0.00466, -0.036718, -0.03168, 3.89666, 16.4, 0.723746, -0.67485]"
"[2, 0.00729391, 0.00466, -0.0367209, -0.03168, 4.01866, 16.6, 0.838941, -0.707354]"
"[2, 0.00734132, 0.00466, -0.0367189, -0.03168, 4.14111, 16.8, 0.624893, -0.696533]"
"[2, 0.00737065, 0.00466, -0.0367186, -0.03168, 4.26818, 17, 1.10884, -0.794344]"
"[2, 0.00737502, 0.00466, -0.0367127, -0.03168, 4.39026, 17.2, 0.868327, -0.670913]"
"[2, 0.00736567, 0.00466, -0.0367175, -0.03168, 4.50314, 17.4, 0.930604, -0.751214]"
"[2, 0.00734197, 0.00466, -0.0367113, -0.03168, 4.61809, 17.6, 0.829001, -0.814897]"
"[2, 0.00732041, 0.00466, -0.0366955, -0.03168, 4.72576, 17.8, 1.21105, -0.804953]"
"[2, 0.00731491, 0.00466, -0.0366759, -0.03168, 4.83998, 18, 1.02293, -0.842212]"
"[2, 0.00735711, 0.00466, -0.0366559, -0.03168, 4.97774, 18.2, 1.13549, -0.801834]"
"[0, 0.00740761, 0.00466, -0.0366417, -0.03168, 5.10468, 18.4, 1.32649, -0.744979]"
"[0, 0.0074675, 0.0047, -0.0366338, -0.03184, 5.23683, 18.3, 1.16813, -0.728958]"
"[0, 0.00754538, 0.00474, -0.0366177, -0.032, 5.37241, 18.2, 1.01127, -0.831363]"
"[0, 0.00764796, 0.00478, -0.0366008, -0.03216, 5.50679, 18.1, 1.15156, -0.905944]"
"[0, 0.00775411, 0.00482, -0.0365768, -0.03232, 5.65248, 18, 1.12741, -0.722391]"
"[0, 0.00783699, 0.00486, -0.0365585, -0.03248, 5.77801, 17.9, 1.19201, -0.803171]"
"[0, 0.00791594, 0.0049, -0.0365362, -0.03264, 5.89861, 17.8, 1.3831, -0.865135]"
"[0, 0.00798337, 0.00494, -0.036514, -0.0328, 6.01432, 17.7, 1.52111, -0.822917]"
"[0, 0.00805396, 0.00498, -0.0364879, -0.03296, 6.13484, 17.6, 1.37911, -0.630832]"
"[0, 0.00813234, 0.00502, -0.0364798, -0.03312, 6.26168, 17.5, 1.39159, -0.791552]"
"[0, 0.00817025, 0.00506, -0.0364634, -0.03328, 6.37982, 17.4, 1.12861, -0.737659]"
"[0, 0.00821581, 0.0051, -0.036454, -0.03344, 6.49809, 17.3, 1.56025, -0.696736]"
"[0, 0.00824132, 0.00514, -0.036442, -0.0336, 6.61316, 17.2, 1.52229, -0.631519]"
"[0, 0.00825381, 0.00518, -0.0364395, -0.03376, 6.72564, 17.1, 1.06872, -0.76904]"
"[0, 0.00827259, 0.00522, -0.0364363, -0.03392, 6.8385, 17, 1.37028, -0.641656]"
"[0, 0.00825578, 0.00526, -0.0364386, -0.03408, 6.94064, 16.9, 1.54947, -0.762173]"
"[0, 0.0082183, 0.0053, -0.0364387, -0.03424, 7.03105, 16.8, 1.32657, -0.609418]"
"[0, 0.00818768, 0.00534, -0.0364394, -0.0344, 7.11563, 16.7, 1.45394, -0.546657]"
"[0, 0.00815273, 0.00538, -0.0364432, -0.03456, 7.19743, 16.6, 1.4835, -0.446003]"
"[0, 0.00812918, 0.00542, -0.0364485, -0.03472, 7.28013, 16.5, 1.47983, -0.498831]"
"[0, 0.00809841, 0.00546, -0.0364708, -0.03488, 7.35776, 16.4, 1.59641, -0.605871]"
"[0, 0.00807097, 0.0055, -0.0364808, -0.03504, 7.43186, 16.3, 1.38585, -0.403254]"
"[0, 0.00802881, 0.00554, -0.036499, -0.0352, 7.49915, 16.2, 1.54894, -0.532749]"
"[0, 0.00796569, 0.00558, -0.0365088, -0.03536, 7.55145, 16.1, 1.52291, -0.430055]"
"[0, 0.00791373, 0.00562, -0.03652, -0.03552, 7.60348, 16, 1.44752, -0.516726]"
"[0, 0.0078832, 0.00566, -0.0365359, -0.03568, 7.66217, 15.9, 1.49802, -0.353185]"
"[0, 0.00785567, 0.00569999, -0.0365495, -0.03584, 7.70813, 15.8, 1.46302, -0.317919]"
"[0, 0.00782516, 0.00573999, -0.0365734, -0.036, 7.75633, 15.7, 1.44589, -0.331453]"
"[0, 0.00780981, 0.00577999, -0.0365839, -0.03616, 7.79533, 15.6, 1.60978, -0.298381]"
"[0, 0.00781686, 0.00581999, -0.0365952, -0.03632, 7.83597, 15.5, 1.53105, -0.312527]"
"[0, 0.00784225, 0.00585999, -0.036602, -0.03648, 7.8762, 15.4, 1.48387, -0.268163]"
"[0, 0.00787016, 0.00589999, -0.0366144, -0.03664, 7.91038, 15.3, 1.50101, -0.314578]"
"[0, 0.00790248, 0.00593999, -0.0366281, -0.0368, 7.93935, 15.2, 1.54431, -0.181302]"
"[0, 0.00793778, 0.00597999, -0.0366409, -0.03696, 7.96134, 15.1, 1.51396, -0.177913]"
"[0, 0.00796587, 0.00601999, -0.0366599, -0.03712, 7.9802, 15, 1.49204, -0.198134]"
"[0, 0.00798337, 0.00605999, -0.0366854, -0.03728, 7.9927, 14.9, 1.47453, -0.0684772]"
"[0, 0.00799958, 0.00609999, -0.0367475, -0.03744, 8.00106, 14.8, 1.54699, 0.130251]"
"[0, 0.00801034, 0.00613999, -0.0368317, -0.0376, 8.00608, 14.7, 1.46782, -0.134749]"
"[0, 0.00801095, 0.00617999, -0.0369008, -0.03776, 8.00975, 14.6, 1.4204, 0.0555395]"
"[0, 0.00802063, 0.00621999, -0.0369706, -0.03792, 8.0125, 14.5, 1.40856, 0.0973326]"
"[0, 0.00802423, 0.00625999, -0.0370379, -0.03808, 8.01363, 14.4, 1.40604, 0.128124]"
"[0, 0.00802279, 0.00629999, -0.0371038, -0.03824, 8.01421, 14.3, 1.39714, 0.165864]"
"[0, 0.00802763, 0.00633999, -0.0371644, -0.0384001, 8.01469, 14.2, 1.3284, 0.24913]"
"[0, 0.0080275, 0.00637999, -0.0372225, -0.0385601, 8.01495, 14.1, 1.4098, 0.242859]"
"[0, 0.00802846, 0.00641999, -0.0372867, -0.0387201, 8.01519, 14, 1.48008, 0.402327]"
"[0, 0.00803396, 0.00645999, -0.037354, -0.0388801, 8.01555, 13.9, 1.38445, 0.547466]"
"[0, 0.00803282, 0.00649999, -0.0374284, -0.0390401, 8.01578, 13.8, 1.34174, 0.201158]"
"[0, 0.00803813, 0.00653999, -0.0374934, -0.0392001, 8.01595, 13.7, 1.382, 0.339606]"
"[0, 0.00803781, 0.00657999, -0.0375675, -0.0393601, 8.01611, 13.6, 1.36896, 0.416858]"
"[0, 0.00804124, 0.00661999, -0.0376367, -0.0395201, 8.01617, 13.5, 1.37449, 0.360756]"
"[0, 0.00803938, 0.00665999, -0.0377114, -0.0396801, 8.01616, 13.4, 1.39538, 0.502026]"
"[0, 0.00804415, 0.00669999, -0.0377932, -0.0398401, 8.01649, 13.3, 1.36891, 0.449268]"
"[0, 0.00804392, 0.00673999, -0.0378741, -0.0400001, 8.0165, 13.2, 1.40058, 0.688359]"
"[0, 0.00804568, 0.00677999, -0.0379593, -0.0401601, 8.01667, 13.1, 1.34741, 0.33216]"
"[0, 0.00804718, 0.00681999, -0.0380447, -0.0403201, 8.01679, 13, 1.39457, 0.734911]"
"[0, 0.00805266, 0.00685999, -0.0381405, -0.0404801, 8.01697, 12.9, 1.38278, 0.619918]"
"[0, 0.00805277, 0.00689999, -0.0382441, -0.0406401, 8.01708, 12.8, 1.40274, 0.806876]"
"[0, 0.00805172, 0.00693999, -0.0383474, -0.0408001, 8.01718, 12.7, 1.32878, 0.376483]"
"[0, 0.0080576, 0.00697999, -0.0384558, -0.0409601, 8.01739, 12.6, 1.36093, 0.849726]"
"[0, 0.00805944, 0.00701999, -0.0385619, -0.0411201, 8.01762, 12.5, 1.39202, 0.973033]"
"[0, 0.00806165, 0.00705999, -0.0386671, -0.0412801, 8.01778, 12.4, 1.35675, 0.99358]"
"[0, 0.00806185, 0.00709999, -0.0387702, -0.0414401, 8.01793, 12.3, 1.34823, 0.847273]"
"[0, 0.00806672, 0.00713999, -0.0388814, -0.0416001, 8.01834, 12.2, 1.36096, 0.948115]"
"[0, 0.00806894, 0.00717999, -0.0389791, -0.0417601, 8.01834, 12.1, 1.33359, 0.911495]"
"[0, 0.00807104, 0.00721999, -0.0390839, -0.0419201, 8.01849, 12, 1.37752, 1.24722]"
"[0, 0.00807409, 0.00725999, -0.0391865, -0.0420801, 8.01867, 11.9, 1.3382, 1.04047]"
"[0, 0.00807529, 0.00729999, -0.0392922, -0.0422401, 8.01889, 11.8, 1.35498, 1.22753]"
"[0, 0.00807736, 0.00733999, -0.039405, -0.0424001, 8.01905, 11.7, 1.30137, 1.08083]"
"[0, 0.00808091, 0.00737999, -0.0395188, -0.0425601, 8.01912, 11.6, 1.35076, 1.01783]"
"[0, 0.00808033, 0.00741999, -0.0396338, -0.0427201, 8.01921, 11.5, 1.24302, 1.00219]"
"[0, 0.00808164, 0.00745999, -0.0397469, -0.0428801, 8.01924, 11.4, 1.26856, 1.05225]"
"[0, 0.00808771, 0.00749999, -0.0398562, -0.0430401, 8.01951, 11.3, 1.25669, 1.04469]"
"[0, 0.0080888, 0.00753999, -0.0399719, -0.0432001, 8.01967, 11.2, 1.25795, 1.11824]"
"[0, 0.00809104, 0.00757999, -0.0400877, -0.0433601, 8.01988, 11.1, 1.3138, 1.19735]"
"[0, 0.00809631, 0.00761999, -0.0402189, -0.0435201, 8.02005, 11, 1.27465, 1.38306]"
"[0, 0.00809925, 0.00765999, -0.0403673, -0.0436801, 8.02029, 10.9, 1.24131, 1.20839]"
"[0, 0.00810273, 0.00769999, -0.0405234, -0.0438401, 8.02044, 10.8, 1.24705, 1.223]"
"[0, 0.00810042, 0.00773999, -0.0406877, -0.0440001, 8.02069, 10.7, 1.23713, 1.32835]"
"[0, 0.00810541, 0.00777999, -0.0408665, -0.0441601, 8.02116, 10.6, 1.23953, 1.46203]"
"[0, 0.00811353, 0.00781999, -0.0410531, -0.0443201, 8.02161, 10.5, 1.28519, 1.73586]"
"[0, 0.00811929, 0.00785999, -0.0412257, -0.0444801, 8.02219, 10.4, 1.2665, 1.53712]"
"[0, 0.00812257, 0.00789999, -0.0413467, -0.0446401, 8.02233, 10.3, 1.37694, 2.29542]"
"[0, 0.00812936, 0.00793999, -0.0414494, -0.0448001, 8.02367, 10.2, 1.51883, 2.80897]"
"[0, 0.00813283, 0.00797999, -0.0415421, -0.0449601, 8.02456, 10.1, 1.52244, 2.82566]"
"[0, 0.00813705, 0.00801999, -0.0416081, -0.0451201, 8.02562, 9.99997, 1.46677, 2.77265]"
"[0, 0.00814032, 0.00805999, -0.0416523, -0.0452801, 8.02658, 9.89997, 1.49691, 3.033]"
"[0, 0.00814305, 0.00809999, -0.0416849, -0.0454401, 8.02758, 9.79996, 1.54914, 3.52988]"
"[0, 0.00814691, 0.00813999, -0.041731, -0.0456001, 8.02804, 9.69996, 1.57563, 3.649]"
"[0, 0.00815118, 0.00817999, -0.041773, -0.0457601, 8.02855, 9.59996, 1.58059, 3.54534]"
"[0, 0.00815377, 0.00821999, -0.0417996, -0.0459201, 8.029, 9.49996, 1.53711, 3.75012]"
"[0, 0.00815634, 0.00825999, -0.041827, -0.0460801, 8.02924, 9.39996, 1.50513, 3.53112]"
"[0, 0.00816004, 0.00829999, -0.041838, -0.0462401, 8.0296, 9.29996, 1.51604, 3.76878]"
"[0, 0.00816071, 0.00833999, -0.0418512, -0.0464001, 8.02962, 9.19996, 1.54049, 4.03548]"
"[0, 0.00816606, 0.00837999, -0.0418767, -0.0465601, 8.02977, 9.09996, 1.5609, 4.00976]"
"[0, 0.00817319, 0.00841999, -0.0419035, -0.0467201, 8.02992, 8.99996, 1.6153, 4.00706]"
"[0, 0.00818084, 0.00845999, -0.0419312, -0.0468801, 8.03003, 8.99996, 1.46473, 4.19828]"
"[0, 0.00818646, 0.00849999, -0.0419616, -0.0470401, 8.03014, 8.99996, 1.49386, 4.14831]"
"[0, 0.00819306, 0.00853999, -0.0419947, -0.0472001, 8.03018, 8.99996, 1.46682, 4.28378]"
"[0, 0.00820048, 0.00857999, -0.0420157, -0.0473601, 8.03022, 8.99996, 1.50064, 4.47629]"
"[0, 0.00820748, 0.00861999, -0.0420431, -0.0475201, 8.03023, 8.99996, 1.57507, 4.537]"
"[0, 0.00821112, 0.00865999, -0.0420651, -0.0476801, 8.03025, 8.99996, 1.53085, 4.73199]"
"[0, 0.00821354, 0.00869999, -0.0420875, -0.0478401, 8.0301, 8.99996, 1.54151, 4.94036]"
"[0, 0.00821796, 0.00873999, -0.0421131, -0.0480001, 8.02993, 8.99996, 1.51583, 4.74415]"
"[0, 0.00822633, 0.00877999, -0.0421453, -0.0481601, 8.02988, 8.99996, 1.52555, 4.92717]"
"[0, 0.00823202, 0.00881999, -0.0421696, -0.0483201, 8.02967, 8.99996, 1.52503, 5.19972]"
"[0, 0.00824208, 0.00885999, -0.0421897, -0.0484801, 8.02961, 8.99996, 1.54571, 5.31394]"
"[0, 0.00825672, 0.0089, -0.042212, -0.0486401, 8.02952, 8.99996, 1.55173, 5.36095]"
"[0, 0.00826772, 0.00894, -0.042236, -0.0488001, 8.02927, 8.99996, 1.49769, 5.38368]"
"[0, 0.00828292, 0.00898, -0.0422638, -0.0489601, 8.0292, 8.99996, 1.57209, 5.50613]"
"[0, 0.00829914, 0.00902, -0.0422906, -0.0491201, 8.02854, 8.99996, 1.50919, 5.63463]"
"[0, 0.00830575, 0.00906, -0.0423155, -0.0492801, 8.02728, 8.99996, 1.59804, 5.80743]"
"[0, 0.00831495, 0.0091, -0.0423488, -0.0494401, 8.02696, 8.99996, 1.46477, 6.0391]"
"[0, 0.00832879, 0.00914, -0.0423799, -0.0496001, 8.02681, 8.99996, 1.48555, 6.07224]"
"[0, 0.00834635, 0.00918, -0.0424106, -0.0497601, 8.02678, 8.99996, 1.50085, 6.1099]"
"[0, 0.00835647, 0.00922, -0.0424335, -0.0499201, 8.02644, 8.99996, 1.53274, 6.23895]"
"[0, 0.00837265, 0.00926, -0.0424631, -0.0500801, 8.02661, 8.99996, 1.56215, 6.55995]"
"[0, 0.0083907, 0.0093, -0.0424889, -0.0502401, 8.02653, 8.99996, 1.52662, 6.5779]"
"[0, 0.00840886, 0.00934, -0.0425137, -0.0504001, 8.02652, 8.99996, 1.62499, 6.60186]"
"[0, 0.00843599, 0.00938, -0.0425355, -0.0505601, 8.02724, 8.99996, 1.50409, 6.69326]"
"[0, 0.00849363, 0.00942, -0.0425676, -0.0507201, 8.02799, 8.99996, 1.51035, 6.86193]"
"[0, 0.00853827, 0.00946, -0.0425969, -0.0508801, 8.02806, 8.99996, 1.63354, 6.866]"
"[0, 0.00855805, 0.0095, -0.0426206, -0.0510401, 8.02761, 8.99996, 1.37411, 7.26638]"
"[0, 0.00858363, 0.00954, -0.0426539, -0.0512001, 8.02753, 8.99996, 1.45935, 7.3038]"
"[0, 0.00860576, 0.00958, -0.0426943, -0.0513601, 8.02776, 8.99996, 1.41798, 7.09813]"
"[0, 0.00861715, 0.00962, -0.0427241, -0.0515202, 8.02752, 8.99996, 1.52377, 7.54716]"
"[0, 0.00862502, 0.00966, -0.0427487, -0.0516802, 8.02654, 8.99996, 1.42529, 7.59507]"
"[0, 0.00863703, 0.0097, -0.0427751, -0.0518402, 8.02645, 8.99996, 1.48352, 7.82644]"
"[0, 0.00864484, 0.00974, -0.0428014, -0.0520002, 8.0258, 8.99996, 1.38702, 7.59315]"
"[0, 0.00865399, 0.00978, -0.0428249, -0.0521602, 8.0254, 8.99996, 1.50326, 7.91034]"
"[0, 0.00866192, 0.00982, -0.0428512, -0.0523202, 8.02493, 8.99996, 1.5171, 7.98215]"
"[0, 0.0086761, 0.00986, -0.0428792, -0.0524802, 8.02461, 8.99996, 1.46734, 8.34005]"
"[0, 0.00869104, 0.0099, -0.0429089, -0.0526402, 8.02432, 8.99996, 1.46892, 8.26812]"
"[0, 0.008709, 0.00994, -0.0429395, -0.0528002, 8.02343, 8.99996, 1.48634, 8.41761]"
"[0, 0.00873113, 0.00998, -0.0429677, -0.0529602, 8.02249, 8.99996, 1.46751, 8.65255]"
"[0, 0.0087585, 0.01002, -0.0429998, -0.0531202, 8.02187, 8.99996, 1.46835, 8.80365]"
"[0, 0.00878855, 0.01006, -0.0430315, -0.0532802, 8.0216, 8.99996, 1.50576, 8.84209]"
"[0, 0.00882112, 0.0101, -0.0430632, -0.0534402, 8.02122, 8.99996, 1.44378, 9.1163]"
"[0, 0.00885729, 0.01014, -0.0430938, -0.0536002, 8.02076, 8.99996, 1.6172, 9.15036]"
"[0, 0.00887807, 0.01018, -0.0431267, -0.0537602, 8.01988, 8.99996, 1.56527, 9.25546]"
"[0, 0.00890035, 0.01022, -0.0431612, -0.0539202, 8.01958, 8.99996, 1.43006, 9.50567]"
"[0, 0.00892177, 0.01026, -0.0431927, -0.0540802, 8.01827, 8.99996, 1.41766, 9.61164]"
"[0, 0.0089449, 0.0103, -0.0432224, -0.0542402, 8.01765, 8.99996, 1.52308, 9.58592]"
"[0, 0.00897261, 0.01034, -0.0432519, -0.0544002, 8.01657, 8.99996, 1.45969, 9.85181]"
"[0, 0.00899518, 0.01038, -0.043283, -0.0545602, 8.01607, 8.99996, 1.55865, 10.1596]"
"[0, 0.00901821, 0.01042, -0.0433135, -0.0547202, 8.01523, 8.99996, 1.64869, 10.1744]"
"[0, 0.00904162, 0.01046, -0.0433489, -0.0548802, 8.01466, 8.99996, 1.4482, 10.3042]"
"[0, 0.00905292, 0.0105, -0.0433729, -0.0550402, 8.01314, 8.99996, 1.50633, 10.4698]"
"[0, 0.00907376, 0.01054, -0.043403, -0.0552002, 8.01243, 8.99996, 1.45638, 10.4849]"
"[0, 0.00909223, 0.01058, -0.0434285, -0.0553602, 8.01122, 8.99996, 1.59369, 10.5565]"
"[0, 0.0091116, 0.01062, -0.0434449, -0.0555202, 8.01033, 8.99996, 1.58727, 10.6821]"
"[0, 0.00913048, 0.01066, -0.0434724, -0.0556802, 8.00973, 8.99996, 1.59227, 10.79]"
"[0, 0.00914695, 0.0107, -0.0434993, -0.0558402, 8.00919, 8.99996, 1.4703, 11.1032]"
"[0, 0.00916985, 0.01074, -0.0435281, -0.0560002, 8.00885, 8.99996, 1.72595, 11.1326]"
"[0, 0.00919115, 0.01078, -0.0435483, -0.0561602, 8.00811, 8.99996, 1.70831, 11.3339]"
"[0, 0.00920689, 0.01082, -0.0435738, -0.0563202, 8.00767, 8.99996, 1.60832, 11.4774]"
"[0, 0.00922943, 0.01086, -0.0435992, -0.0564802, 8.00675, 8.99996, 1.59428, 11.4286]"
"[0, 0.00925626, 0.0109, -0.0436241, -0.0566402, 8.00566, 8.99996, 1.60405, 11.5234]"
"[0, 0.0092833, 0.01094, -0.0436519, -0.0568002, 8.00515, 8.99996, 1.72511, 11.717]"
"[0, 0.0093138, 0.01098, -0.0436802, -0.0569602, 8.00456, 8.99996, 1.5987, 11.9614]"
"[0, 0.00934931, 0.01102, -0.0437074, -0.0571202, 8.0043, 8.99996, 1.5639, 12.0576]"
"[0, 0.00938649, 0.01106, -0.0437359, -0.0572802, 8.00366, 8.99996, 1.594, 12.0283]"
"[1, 0.00942646, 0.0111, -0.0437643, -0.0574402, 8.0029, 8.99996, 1.55991, 12.5165]"
"[1, 0.00946419, 0.0111, -0.0437915, -0.0574402, 8.0017, 8.99996, 1.68845, 12.5386]"
"[1, 0.00949589, 0.01112, -0.0438216, -0.0572002, 8.00107, 8.99996, 1.67179, 12.3055]"
"[1, 0.0095219, 0.01114, -0.0438473, -0.0569602, 7.99954, 8.99996, 1.64829, 12.654]"
"[1, 0.00956089, 0.01116, -0.0438747, -0.0567202, 7.9991, 8.99996, 1.57505, 12.8111]"
"[1, 0.0095904, 0.01118, -0.0438891, -0.0564802, 7.99794, 8.99996, 1.52885, 12.9042]"
"[1, 0.00963637, 0.0112, -0.0439069, -0.0562402, 7.99742, 8.99996, 1.70592, 13.1273]"
"[1, 0.00967844, 0.01122, -0.0439235, -0.0560002, 7.99703, 8.99996, 1.70057, 13.0269]"
"[1, 0.0097128, 0.01124, -0.043937, -0.0557602, 7.99636, 8.99996, 1.71767, 13.0607]"
"[1, 0.00974553, 0.01126, -0.0439385, -0.0555202, 7.99466, 8.99996, 1.59015, 12.8902]"
"[1, 0.00979166, 0.01128, -0.0439467, -0.0552802, 7.99412, 8.99996, 1.44321, 12.9229]"
"[1, 0.00983655, 0.0113, -0.0439595, -0.0550402, 7.99401, 8.99996, 1.62871, 12.9156]"
"[1, 0.00987477, 0.01132, -0.0439632, -0.0548002, 7.99347, 8.99996, 1.51725, 12.9032]"
"[1, 0.0099184, 0.01134, -0.0439633, -0.0545602, 7.99325, 8.99996, 1.54326, 12.8977]"
"[1, 0.00995771, 0.01136, -0.0439655, -0.0543202, 7.99292, 8.99996, 1.49854, 12.8073]"
"[1, 0.00999249, 0.01138, -0.0439645, -0.0540802, 7.99264, 8.99996, 1.32938, 12.7402]"
"[1, 0.0100391, 0.0114, -0.0439655, -0.0538402, 7.99252, 8.99996, 1.22708, 12.6663]"
"[1, 0.0100855, 0.01142, -0.0439673, -0.0536002, 7.99222, 8.99996, 1.48195, 12.5349]"
"[1, 0.0101279, 0.01144, -0.0439644, -0.0533602, 7.99209, 8.99996, 1.36654, 12.4802]"
"[1, 0.0101514, 0.01146, -0.0439666, -0.0531202, 7.99187, 8.99996, 1.24511, 12.4932]"
"[1, 0.0101726, 0.01148, -0.0439661, -0.0528802, 7.99142, 8.99996, 1.11426, 12.2923]"
"[1, 0.0102046, 0.0115, -0.0439622, -0.0526402, 7.99131, 8.99996, 1.11242, 12.2625]"
"[1, 0.010226, 0.01152, -0.0439607, -0.0524002, 7.9911, 8.99996, 1.33379, 12.1803]"
"[1, 0.0102407, 0.01154, -0.0439607, -0.0521602, 7.99077, 8.99996, 1.11314, 12.1151]"
"[1, 0.0102524, 0.01156, -0.0439598, -0.0519202, 7.99056, 8.99996, 1.03036, 12.1227]"
"[1, 0.0102725, 0.01158, -0.0439559, -0.0516802, 7.99032, 8.99996, 1.09983, 11.9828]"
"[1, 0.0102927, 0.0116, -0.0439517, -0.0514401, 7.98998, 8.99996, 1.00337, 12.0005]"
"[1, 0.0103099, 0.01162, -0.0439493, -0.0512001, 7.9898, 8.99996, 1.04596, 11.8515]"
"[1, 0.0103261, 0.01164, -0.043944, -0.0509601, 7.98922, 8.99996, 1.17323, 11.7744]"
"[1, 0.0103429, 0.01166, -0.043935, -0.0507201, 7.98897, 8.99996, 0.960133, 11.6591]"
"[1, 0.0103487, 0.01168, -0.0439308, -0.0504801, 7.98866, 8.99996, 1.05283, 11.6615]"
"[1, 0.0103567, 0.0117, -0.0439261, -0.0502401, 7.98858, 8.99996, 0.993505, 11.434]"
"[1, 0.0103617, 0.01172, -0.0439144, -0.0500001, 7.98855, 8.99996, 0.863257, 11.5098]"
"[1, 0.010367, 0.01174, -0.043905, -0.0497601, 7.98856, 8.99996, 0.935606, 11.2246]"
"[1, 0.0103736, 0.01176, -0.0438921, -0.0495201, 7.98858, 8.99996, 0.854212, 11.0225]"
"[1, 0.0103782, 0.01178, -0.0438727, -0.0492801, 7.9886, 8.99996, 0.870584, 10.9761]"
"[1, 0.0103836, 0.0118, -0.0438719, -0.0490401, 7.98871, 8.99996, 0.81449, 10.7351]"
"[1, 0.0103856, 0.01182, -0.043864, -0.0488001, 7.98875, 8.99996, 0.854937, 10.5922]"
"[1, 0.01039, 0.01184, -0.0438486, -0.0485601, 7.98886, 8.99996, 0.765629, 10.5002]"
"[1, 0.0103916, 0.01186, -0.0438378, -0.0483201, 7.98887, 8.99996, 0.73253, 10.2528]"
"[1, 0.0103953, 0.01188, -0.0438225, -0.0480801, 7.98906, 8.99996, 0.730176, 10.1326]"
"[1, 0.010401, 0.0119, -0.0438128, -0.0478401, 7.98906, 8.99996, 0.638339, 9.8289]"
"[1, 0.0104116, 0.01192, -0.0437984, -0.0476001, 7.98923, 8.99996, 0.612073, 9.55389]"
"[1, 0.0104204, 0.01194, -0.043782, -0.0473601, 7.98929, 8.99996, 0.655053, 9.37753]"
"[1, 0.0104292, 0.01196, -0.0437626, -0.0471201, 7.98935, 8.99996, 0.507845, 9.23783]"
"[1, 0.0104498, 0.01198, -0.0437454, -0.0468801, 7.98963, 8.99996, 0.584627, 8.93813]"
"[1, 0.0104615, 0.012, -0.043725, -0.0466401, 7.98971, 8.99996, 0.500323, 8.8049]"
"[1, 0.0104678, 0.01202, -0.0437004, -0.0464001, 7.98985, 8.99996, 0.458255, 8.75637]"
"[1, 0.0104777, 0.01204, -0.043684, -0.0461601, 7.99003, 8.99996, 0.398814, 8.53907]"
"[1, 0.0104845, 0.01206, -0.0436677, -0.0459201, 7.99005, 8.99996, 0.413853, 8.34608]"
"[1, 0.0104947, 0.01208, -0.0436497, -0.0456801, 7.99017, 8.99996, 0.436109, 8.24609]"
"[1, 0.0105028, 0.0121, -0.0436323, -0.0454401, 7.99038, 8.99996, 0.420877, 8.04684]"
"[1, 0.0105092, 0.01212, -0.0436147, -0.0452001, 7.99044, 8.99996, 0.33219, 7.78675]"
"[1, 0.010518, 0.01214, -0.0435897, -0.0449601, 7.99058, 8.99996, 0.165647, 7.55081]"
"[1, 0.0105271, 0.01216, -0.0435635, -0.0447201, 7.99074, 8.99996, 0.243631, 7.37116]"
"[1, 0.0105343, 0.01218, -0.0435334, -0.0444801, 7.99085, 8.99996, 0.207646, 7.34817]"
"[1, 0.0105424, 0.0122, -0.0435116, -0.0442401, 7.99106, 8.99996, 0.18599, 7.01051]"
"[1, 0.0105542, 0.01222, -0.0434879, -0.0440001, 7.99123, 8.99996, 0.13212, 7.01358]"
"[1, 0.0105631, 0.01224, -0.0434657, -0.0437601, 7.99147, 8.99996, 0.150486, 6.74039]"
"[1, 0.0105736, 0.01226, -0.043445, -0.0435201, 7.99144, 8.99996, 0.0913363, 6.67522]"
"[1, 0.0105964, 0.01228, -0.0434192, -0.0432801, 7.99188, 8.99996, 0.117578, 6.38759]"
"[1, 0.0106226, 0.0123, -0.0433853, -0.0430401, 7.99195, 8.99996, 0.199408, 6.15963]"
"[1, 0.0106465, 0.01232, -0.0433548, -0.0428001, 7.99231, 8.99996, 0.036779, 6.02344]"
"[1, 0.0106739, 0.01234, -0.0433229, -0.0425601, 7.99257, 8.99996, -0.0272319, 5.75677]"
"[1, 0.0106985, 0.01236, -0.0432871, -0.0423201, 7.9928, 8.99996, -0.0196491, 5.67164]"
"[1, 0.0107187, 0.01238, -0.0432617, -0.0420801, 7.99309, 8.99996, -0.0914118, 5.52428]"
"[1, 0.0107359, 0.0124, -0.0432417, -0.0418401, 7.99327, 8.99996, -0.217272, 5.17268]"
"[1, 0.0107558, 0.01242, -0.0432215, -0.0416001, 7.9934, 8.99996, -0.1788, 5.10979]"
"[1, 0.0107734, 0.01244, -0.043192, -0.0413601, 7.99364, 8.99996, -0.192433, 5.05323]"
"[1, 0.0107897, 0.01246, -0.0431614, -0.0411201, 7.9938, 8.99996, -0.345176, 4.57943]"
"[1, 0.0107994, 0.01248, -0.043122, -0.0408801, 7.99383, 8.99996, -0.370151, 4.73143]"
"[1, 0.0108127, 0.0125, -0.0430918, -0.0406401, 7.99395, 8.99996, -0.356569, 4.36146]"
"[1, 0.0108257, 0.01252, -0.0430661, -0.0404001, 7.99404, 8.99996, -0.395332, 4.27493]"
"[1, 0.010838, 0.01254, -0.0430362, -0.0401601, 7.99431, 8.99996, -0.353997, 4.13623]"
"[1, 0.010845, 0.01256, -0.0430092, -0.0399201, 7.99436, 8.99996, -0.529756, 3.87252]"
"[1, 0.0108513, 0.01258, -0.0429775, -0.0396801, 7.99462, 8.99996, -0.552198, 3.57172]"
"[1, 0.0108606, 0.0126, -0.0429334, -0.0394401, 7.99482, 8.99996, -0.547414, 3.54077]"
"[1, 0.0108784, 0.01262, -0.0428904, -0.0392001, 7.99683, 8.99996, -0.595703, 3.54161]"
"[1, 0.0108981, 0.01264, -0.0428436, -0.0389601, 7.9988, 8.99996, -0.67196, 3.07378]"
"[1, 0.0109054, 0.01266, -0.0427894, -0.0387201, 7.99928, 8.99996, -0.56683, 2.75818]"
"[1, 0.0109103, 0.01268, -0.0427414, -0.0384801, 7.99987, 8.99996, -0.767242, 2.76636]"
"[1, 0.0109185, 0.0127, -0.0427143, -0.03824, 8.0004, 8.99996, -0.777981, 2.53799]"
"[1, 0.0109292, 0.01272, -0.0426903, -0.038, 8.00066, 8.99996, -0.812522, 2.22627]"
"[1, 0.0109407, 0.01274, -0.0426576, -0.03776, 8.00095, 8.99996, -0.782785, 2.1279]"
"[1, 0.010948, 0.01276, -0.0426217, -0.03752, 8.00103, 8.99996, -0.801193, 2.01909]"
"[1, 0.0109632, 0.01278, -0.042586, -0.03728, 8.0015, 8.99996, -0.727875, 2.15153]"
"[1, 0.0109759, 0.0128, -0.0425505, -0.03704, 8.00203, 8.99996, -0.874853, 1.89901]"
"[1, 0.0109883, 0.01282, -0.0425174, -0.0368, 8.00285, 8.99996, -0.871049, 1.68309]"
"[1, 0.0110017, 0.01284, -0.0424695, -0.03656, 8.00405, 8.99996, -0.917576, 1.36465]"
"[1, 0.0110155, 0.01286, -0.0424136, -0.03632, 8.00511, 8.99996, -1.05529, 0.9602]"
"[1, 0.0110281, 0.01288, -0.0423594, -0.03608, 8.00596, 8.99996, -1.01803, 0.970411]"
"[1, 0.0111336, 0.0129, -0.0423186, -0.03584, 8.00906, 8.99996, -0.50029, 0.507203]"
"[1, 0.0112333, 0.01292, -0.042268, -0.0356, 8.01019, 8.99996, -0.244809, 0.399982]"
"[1, 0.0113571, 0.01294, -0.0422051, -0.0356, 8.01203, 8.99996, -0.238985, 0.13455]"
"[1, 0.0114688, 0.01296, -0.0421499, -0.0356, 8.01478, 8.99996, -0.244587, -0.0495355]"
"[1, 0.0115731, 0.01298, -0.0420888, -0.0356, 8.01628, 8.99996, -0.206774, -0.0707704]"
"[1, 0.0116736, 0.013, -0.0420185, -0.0356, 8.01799, 8.99996, -0.0610465, -0.233863]"
"[1, 0.0117436, 0.01302, -0.0419435, -0.0356, 8.02039, 8.99996, -0.0966489, -0.173748]"
"[1, 0.0118066, 0.01304, -0.0418715, -0.0356, 8.02247, 8.99996, -0.173284, -0.253945]"
"[1, 0.011859, 0.01306, -0.0417961, -0.0356, 8.02464, 8.99996, -0.210891, -0.451626]"
"[1, 0.011907, 0.01308, -0.0417175, -0.0356, 8.02671, 8.99996, -0.130783, -0.420574]"
"[1, 0.011943, 0.0131, -0.0416268, -0.0356, 8.02828, 8.99996, -0.389848, -0.455643]"
"[1, 0.0119847, 0.01312, -0.0415274, -0.0356, 8.02975, 8.99996, -0.184295, -0.491441]"
"[1, 0.0120338, 0.01314, -0.0414357, -0.0356, 8.03223, 8.99996, -0.045798, -0.123136]"
"[1, 0.0120692, 0.01316, -0.0413521, -0.0356, 8.03465, 8.99996, -0.0786731, -0.411036]"
"[1, 0.0120916, 0.01318, -0.0412709, -0.0356, 8.03627, 8.99996, -0.0635701, -0.47835]"
"[1, 0.0121162, 0.0132, -0.0411942, -0.0356, 8.03765, 8.99996, -0.122546, -0.616167]"
"[1, 0.0121362, 0.01322, -0.0411219, -0.0356, 8.03929, 8.99996, -0.136097, -0.382374]"
"[1, 0.0121578, 0.01324, -0.0410566, -0.0356, 8.04087, 8.99996, -0.126249, -0.60657]"
"[1, 0.0121772, 0.01326, -0.0409912, -0.0356, 8.04156, 8.99996, -0.1402, -0.457299]"
"[1, 0.0121993, 0.01328, -0.0409379, -0.0356, 8.0424, 8.99996, -0.0472542, -0.34396]"
"[1, 0.012221, 0.0133, -0.0408913, -0.0356, 8.04312, 8.99996, -0.034926, -0.417637]"
"[1, 0.0122355, 0.01332, -0.0408583, -0.0356, 8.04387, 8.99996, -0.110332, -0.485792]"
"[1, 0.0122538, 0.01334, -0.0408267, -0.0356, 8.04488, 8.99996, -0.0331502, -0.370275]"
"[1, 0.0122736, 0.01336, -0.0408028, -0.0356, 8.04638, 8.99996, -0.129585, -0.986411]"
"[1, 0.0122843, 0.01338, -0.0407507, -0.0356, 8.04683, 8.99996, -0.0792082, -0.633733]"
"[1, 0.0122973, 0.0134, -0.0407091, -0.0356, 8.04735, 8.99996, -0.0605896, -0.379822]"
"[1, 0.0123157, 0.01342, -0.0406945, -0.0356, 8.04823, 8.99996, -0.167654, -0.53621]"
"[1, 0.0123309, 0.01344, -0.040678, -0.0356, 8.04866, 8.99996, -0.0577141, -0.690597]"
"[1, 0.0123491, 0.01346, -0.0406567, -0.0356, 8.04901, 8.99996, -0.0558512, -0.655534]"
"[1, 0.0123613, 0.01348, -0.0406395, -0.0356, 8.04932, 8.99996, -0.110488, -0.46694]"
"[2, 0.0123823, 0.01348, -0.0406305, -0.0356, 8.04969, 8.99996, -0.10094, -0.587477]"
"[2, 0.0124024, 0.01348, -0.0406201, -0.0356, 8.05012, 9.19996, -0.162523, -0.527325]"
"[2, 0.0124199, 0.01348, -0.0406172, -0.0356, 8.05047, 9.39996, -0.0936361, -0.516801]"
"[2, 0.0124337, 0.01348, -0.040612, -0.0356, 8.05087, 9.59996, -0.144163, -0.612745]"
"[2, 0.01245, 0.01348, -0.0406102, -0.0356, 8.05133, 9.79996, -0.178978, -0.520831]"
"[2, 0.0124729, 0.01348, -0.0406053, -0.0356, 8.05174, 9.99996, -0.0737708, -0.591468]"
"[2, 0.0124899, 0.01348, -0.0405994, -0.0356, 8.05232, 10.2, -0.131121, -0.517321]"
"[2, 0.0125094, 0.01348, -0.0405958, -0.0356, 8.05292, 10.4, -0.128455, -0.582479]"
"[2, 0.0125309, 0.01348, -0.0405933, -0.0356, 8.05355, 10.6, -0.224142, -0.536089]"
"[2, 0.0125506, 0.01348, -0.0405898, -0.0356, 8.05421, 10.8, -0.0458625, -0.552484]"
"[2, 0.0125695, 0.01348, -0.0405815, -0.0356, 8.05495, 11, -0.0831947, -0.517291]"
"[2, 0.0125895, 0.01348, -0.0405822, -0.0356, 8.05566, 11.2, -0.157735, -0.514041]"
"[2, 0.0126104, 0.01348, -0.0405769, -0.0356, 8.0564, 11.4, -0.142999, -0.386293]"
"[2, 0.0126309, 0.01348, -0.0405758, -0.0356, 8.05716, 11.6, -0.0102971, -0.505568]"
"[2, 0.0126545, 0.01348, -0.0405728, -0.0356, 8.05802, 11.8, -0.188108, -0.480003]"
"[2, 0.0126758, 0.01348, -0.0405723, -0.0356, 8.0588, 12, -0.0881009, -0.500515]"
"[2, 0.0127069, 0.01348, -0.0405681, -0.0356, 8.05984, 12.2, -0.0575596, -0.447392]"
"[2, 0.0127285, 0.01348, -0.040567, -0.0356, 8.06065, 12.4, 0.032838, -0.513095]"
"[2, 0.0127525, 0.01348, -0.0405643, -0.0356, 8.06166, 12.6, -0.23743, -0.436221]"
"[2, 0.0127894, 0.01348, -0.040563, -0.0356, 8.063, 12.8, -0.0237442, -0.483425]"
"[2, 0.0128257, 0.01348, -0.0405601, -0.0356, 8.06434, 13, -0.0696006, -0.425495]"
"[2, 0.0128612, 0.01348, -0.0405555, -0.0356, 8.06571, 13.2, -0.0863327, -0.466183]"
"[2, 0.0128917, 0.01348, -0.0405567, -0.0356, 8.06682, 13.4, 0.0688322, -0.452975]"
"[2, 0.0129249, 0.01348, -0.0405533, -0.0356, 8.06828, 13.6, -0.182059, -0.443773]"
"[2, 0.0129688, 0.01348, -0.0405524, -0.0356, 8.07054, 13.8, -0.0118657, -0.439423]"
"[2, 0.0130145, 0.01348, -0.040556, -0.0356, 8.0749, 14, -0.17602, -0.553729]"
"[2, 0.0130536, 0.01348, -0.0405354, -0.0356, 8.07865, 14.2, -0.134521, -0.458745]"
"[2, 0.0130958, 0.01348, -0.0405071, -0.0356, 8.08149, 14.4, -0.111071, -0.509633]"
"[2, 0.0131425, 0.01348, -0.04049, -0.0356, 8.08518, 14.6, 0.0143637, -0.364646]"
"[2, 0.0131772, 0.01348, -0.0404781, -0.0356, 8.08888, 14.8, -0.210385, -0.429747]"
"[2, 0.0132241, 0.01348, -0.0404547, -0.0356, 8.0931, 15, -0.108093, -0.745575]"
"[2, 0.0132559, 0.01348, -0.0404245, -0.0356, 8.09684, 15.2, -0.175719, -0.613642]"
"[2, 0.0132955, 0.01348, -0.0403912, -0.0356, 8.10035, 15.4, -0.0847871, -0.587873]"
"[2, 0.013334, 0.01348, -0.0403669, -0.0356, 8.10608, 15.6, -0.0432967, -0.724134]"
"[2, 0.0133652, 0.01348, -0.040349, -0.0356, 8.11001, 15.8, -0.115362, -0.454213]"
"[2, 0.0133972, 0.01348, -0.04033, -0.0356, 8.1131, 16, -0.0625186, -0.500023]"
"[2, 0.0134299, 0.01348, -0.0403137, -0.0356, 8.11731, 16.2, -0.117335, -0.43986]"
"[2, 0.0134692, 0.01348, -0.0403051, -0.0356, 8.12182, 16.4, -0.0730364, -0.394334]"
"[2, 0.0135176, 0.01348, -0.0402912, -0.0356, 8.12765, 16.6, -0.119636, -0.488539]"
"[2, 0.0135657, 0.01348, -0.0402716, -0.0356, 8.13304, 16.8, -0.0889023, -0.684979]"
"[2, 0.0136109, 0.01348, -0.0402409, -0.0356, 8.13953, 17, 0.139867, -0.406973]"
"[2, 0.0136574, 0.01348, -0.0402168, -0.0356, 8.1481, 17.2, -0.0435382, -0.583983]"
"[2, 0.0136947, 0.01348, -0.0401904, -0.0356, 8.15545, 17.4, 0.0844393, -0.539411]"
"[2, 0.0137416, 0.01348, -0.040163, -0.0356, 8.16611, 17.6, -0.0846703, -0.491088]"
"[2, 0.013794, 0.01348, -0.0401414, -0.0356, 8.1775, 17.8, -0.00360287, -0.508696]"
"[2, 0.0138514, 0.01348, -0.0401148, -0.0356, 8.19175, 18, -0.0594762, -0.763326]"
"[2, 0.0139169, 0.01348, -0.0400755, -0.0356, 8.20566, 18.2, 0.0675798, -0.561722]"
"[2, 0.0139852, 0.01348, -0.0400307, -0.0356, 8.22225, 18.4, 0.225067, -0.396593]"
"[2, 0.0140586, 0.01348, -0.0399936, -0.0356, 8.24054, 18.6, 0.169598, -0.359681]"
"[2, 0.0141234, 0.01348, -0.0399601, -0.0356, 8.25742, 18.8, 0.303084, -0.45457]"
"[2, 0.0141921, 0.01348, -0.039925, -0.0356, 8.27567, 19, 0.326513, -0.388882]"
"[2, 0.0142579, 0.01348, -0.0398866, -0.0356, 8.29349, 19.2, 0.218949, -0.445914]"
"[2, 0.0143285, 0.01348, -0.0398398, -0.0356, 8.31404, 19.4, 0.316951, -0.395055]"
"[2, 0.0144026, 0.01348, -0.0397854, -0.0356, 8.33614, 19.6, 0.305395, -0.269821]"
"[2, 0.0144801, 0.01348, -0.0397369, -0.0356, 8.36129, 19.8, 0.328435, -0.307008]"
"[2, 0.0145651, 0.01348, -0.039695, -0.0356, 8.38798, 20, 0.43679, -0.449471]"
"[2, 0.0146619, 0.01348, -0.0396386, -0.0356, 8.42003, 20.2, 0.526056, -0.284298]"
"[2, 0.0147618, 0.01348, -0.039594, -0.0356, 8.4582, 20.4, 0.52809, -0.246442]"
"[2, 0.0148566, 0.01348, -0.0395463, -0.0356, 8.49853, 20.6, 0.508335, -0.32684]"
"[2, 0.0149458, 0.01348, -0.0394979, -0.0356, 8.54289, 20.8, 0.545103, -0.355168]"
"[2, 0.0150349, 0.01348, -0.0394593, -0.0356, 8.59133, 21, 0.666841, -0.327602]"
"[2, 0.0151308, 0.01348, -0.0394256, -0.0356, 8.64786, 21.2, 0.612056, -0.230703]"
"[2, 0.0152457, 0.01348, -0.0393999, -0.0356, 8.71954, 21.4, 0.531516, -0.352989]"
"[2, 0.0153648, 0.01348, -0.0393851, -0.0356, 8.80069, 21.6, 0.588208, -0.392936]"
"[2, 0.0154581, 0.01348, -0.0393705, -0.0356, 8.88927, 21.8, 0.713697, -0.387166]"
"[2, 0.0155118, 0.01348, -0.0393541, -0.0356, 8.97736, 22, 0.580122, -0.524712]"
"[2, 0.015555, 0.01348, -0.0393385, -0.0356, 9.06342, 22.2, 0.469778, -0.346515]"
"[2, 0.015623, 0.01348, -0.0393353, -0.0356, 9.16336, 22.4, 0.606476, -0.365633]"
"[2, 0.0156934, 0.01348, -0.0393323, -0.0356, 9.26334, 22.6, 0.477916, -0.496377]"
"[2, 0.0157763, 0.01348, -0.0393178, -0.0356, 9.37205, 22.8, 0.576018, -0.38699]"
"[2, 0.01587, 0.01348, -0.0393016, -0.0356, 9.48728, 23, 0.602773, -0.465198]"
"[2, 0.0159703, 0.01348, -0.0392962, -0.0356, 9.61172, 23.2, 0.969302, -0.411555]"
"[2, 0.0160587, 0.01348, -0.0392905, -0.0356, 9.73812, 23.4, 0.787814, -0.678172]"
"[2, 0.0161461, 0.01348, -0.0392821, -0.0356, 9.87103, 23.6, 0.746516, -0.451525]"
"[0, 0.0162488, 0.01348, -0.0392687, -0.0356, 10.012, 23.8, 0.968015, -0.425822]"
"[0, 0.0163763, 0.01352, -0.0392599, -0.03576, 10.181, 23.7, 1.00538, -0.359892]"
"[0, 0.0164582, 0.01356, -0.0392614, -0.03592, 10.3067, 23.6, 0.99884, -0.35681]"
"[0, 0.0165413, 0.0136, -0.0392566, -0.03608, 10.4564, 23.5, 1.04392, -0.634769]"
"[0, 0.0166216, 0.01364, -0.0392502, -0.03624, 10.6052, 23.4, 0.847072, -0.65281]"
"[0, 0.0166973, 0.01368, -0.0392406, -0.0364, 10.7597, 23.3, 1.04162, -0.663855]"
"[0, 0.0167386, 0.01372, -0.0392304, -0.03656, 10.8895, 23.2, 1.29643, -0.475988]"
"[0, 0.0167871, 0.01376, -0.0392205, -0.03672, 11.0296, 23.1, 1.18585, -0.318771]"
"[0, 0.0168059, 0.0138, -0.0392066, -0.03688, 11.1722, 23, 0.9982, -0.617667]"
"[0, 0.0168129, 0.01384, -0.0391897, -0.03704, 11.3173, 22.9, 1.18659, -0.553714]"
"[0, 0.0168028, 0.01388, -0.0391776, -0.0372, 11.462, 22.8, 1.1502, -0.477921]"
"[0, 0.0167409, 0.01392, -0.0391661, -0.03736, 11.5944, 22.7, 1.31329, -0.601047]"
"[0, 0.0166704, 0.01396, -0.0391552, -0.03752, 11.7296, 22.6, 1.27548, -0.301189]"
"[0, 0.0165889, 0.014, -0.0391393, -0.03768, 11.8596, 22.5, 1.23167, -0.448787]"
"[0, 0.0165007, 0.01404, -0.0391287, -0.03784, 11.9874, 22.4, 1.24591, -0.446217]"
"[0, 0.0164094, 0.01408, -0.0391081, -0.038, 12.1033, 22.3, 1.29273, -0.114652]"
"[0, 0.016335, 0.01412, -0.0390948, -0.03816, 12.2055, 22.2, 1.26764, -0.391272]"
"[0, 0.0162569, 0.01416, -0.0390715, -0.03832, 12.294, 22.1, 1.49534, -0.251216]"
"[0, 0.0161931, 0.0142, -0.0390419, -0.0384801, 12.3845, 22, 1.34283, -0.158217]"
"[0, 0.0161565, 0.01424, -0.039007, -0.0386401, 12.4732, 21.9, 1.3688, -0.249649]"
"[0, 0.0161615, 0.01428, -0.038984, -0.0388001, 12.5575, 21.8, 1.50875, -0.170551]"
"[0, 0.016196, 0.01432, -0.0389643, -0.0389601, 12.6643, 21.7, 1.54661, -0.126645]"
"[0, 0.0162327, 0.01436, -0.0389589, -0.0391201, 12.7596, 21.6, 1.42351, -0.0520668]"
"[0, 0.0162942, 0.0144, -0.0389623, -0.0392801, 12.8375, 21.5, 1.43089, -0.000107387]"
"[0, 0.0163514, 0.01444, -0.0389768, -0.0394401, 12.9046, 21.4, 1.45658, -0.0136824]"
"[0, 0.0163992, 0.01448, -0.0389879, -0.0396001, 12.9622, 21.3, 1.4095, 0.0386456]"
"[0, 0.0164818, 0.01452, -0.0390003, -0.0397601, 13.0194, 21.2, 1.48762, 0.00432352]"
"[0, 0.0165712, 0.01456, -0.0390082, -0.0399201, 13.072, 21.1, 1.47112, 0.194692]"
"[0, 0.016645, 0.0146, -0.039024, -0.0400801, 13.1145, 21, 1.55933, 0.041244]"
"[0, 0.0166937, 0.01464, -0.0390367, -0.0402401, 13.1469, 20.9, 1.62171, 0.0910179]"
"[0, 0.0167398, 0.01468, -0.0390764, -0.0404001, 13.1717, 20.8, 1.4964, 0.279511]"
"[0, 0.0167977, 0.01472, -0.0391388, -0.0405601, 13.1984, 20.7, 1.51559, 0.279791]"
"[0, 0.0168267, 0.01476, -0.0391784, -0.0407201, 13.2156, 20.6, 1.53747, 0.378938]"
"[0, 0.0168602, 0.0148, -0.0392285, -0.0408801, 13.2362, 20.5, 1.55071, 0.452159]"
"[0, 0.0168902, 0.01484, -0.0392877, -0.0410401, 13.2526, 20.4, 1.50849, 0.230214]"
"[0, 0.0169117, 0.01488, -0.0393484, -0.0412001, 13.2656, 20.3, 1.51666, 0.539267]"
"[0, 0.0169207, 0.01492, -0.0394081, -0.0413601, 13.2743, 20.2, 1.63444, 0.75807]"
"[0, 0.0169309, 0.01496, -0.039477, -0.0415201, 13.2794, 20.1, 1.5665, 0.517979]"
"[0, 0.0169402, 0.015, -0.0395468, -0.0416801, 13.2823, 20, 1.64866, 0.584952]"
"[0, 0.0169416, 0.01504, -0.0396064, -0.0418401, 13.2842, 19.9, 1.59505, 0.620295]"
"[0, 0.0169452, 0.01508, -0.0396808, -0.0420001, 13.2856, 19.8, 1.49506, 0.599487]"
"[0, 0.0169483, 0.01512, -0.0397464, -0.0421601, 13.2862, 19.7, 1.53082, 0.708622]"
"[0, 0.0169488, 0.01516, -0.0398156, -0.0423201, 13.2864, 19.6, 1.54266, 0.908243]"
"[0, 0.0169517, 0.0152, -0.0398943, -0.0424801, 13.2867, 19.5, 1.54876, 0.938361]"
"[0, 0.0169535, 0.01524, -0.0399803, -0.0426401, 13.2869, 19.4, 1.51384, 0.778349]"
"[0, 0.0169561, 0.01528, -0.0400679, -0.0428001, 13.2871, 19.3, 1.59926, 1.18747]"
"[0, 0.016954, 0.01532, -0.040163, -0.0429601, 13.2872, 19.2, 1.5382, 0.925422]"
"[0, 0.0169578, 0.01536, -0.040272, -0.0431201, 13.2875, 19.1, 1.49784, 0.828619]"
"[0, 0.0169612, 0.0154, -0.0403734, -0.0432801, 13.2877, 19, 1.47878, 0.721317]"
"[0, 0.0169624, 0.01544, -0.0404683, -0.0434401, 13.2879, 18.9, 1.53725, 1.01043]"
"[0, 0.0169662, 0.01548, -0.040559, -0.0436001, 13.288, 18.8, 1.54924, 1.11588]"
"[0, 0.0169692, 0.01552, -0.0406472, -0.0437601, 13.2882, 18.7, 1.55548, 1.16517]"
"[0, 0.0169709, 0.01556, -0.0407282, -0.0439201, 13.2883, 18.6, 1.5424, 1.14213]"
"[0, 0.0169701, 0.0156, -0.0408012, -0.0440801, 13.2887, 18.5, 1.53933, 1.18265]"
"[0, 0.0169723, 0.01564, -0.040888, -0.0442401, 13.2888, 18.4, 1.53593, 1.17366]"
"[0, 0.0169741, 0.01568, -0.0409674, -0.0444001, 13.289, 18.3, 1.4986, 1.01627]"
"[0, 0.0169756, 0.01572, -0.0410442, -0.0445601, 13.2892, 18.2, 1.55191, 1.28571]"
"[0, 0.0169743, 0.01576, -0.0411222, -0.0447201, 13.2894, 18.1, 1.54399, 1.3623]"
"[0, 0.0169771, 0.0158, -0.0412009, -0.0448801, 13.2895, 18, 1.573, 1.52585]"
"[0, 0.0169816, 0.01584, -0.0412904, -0.0450401, 13.2898, 17.9, 1.50525, 1.27251]"
"[0, 0.0169818, 0.01588, -0.0413801, -0.0452001, 13.2898, 17.8, 1.54079, 1.51883]"
"[0, 0.0169855, 0.01592, -0.0414719, -0.0453601, 13.29, 17.7, 1.4623, 1.28268]"
"[0, 0.0169863, 0.01596, -0.0415696, -0.0455201, 13.2901, 17.6, 1.46933, 1.3268]"
"[0, 0.01699, 0.016, -0.0416717, -0.0456801, 13.2903, 17.5, 1.51475, 1.55936]"
"[0, 0.0169901, 0.01604, -0.0417792, -0.0458401, 13.2904, 17.4, 1.57057, 1.50451]"
"[0, 0.0169953, 0.01608, -0.0418952, -0.0460001, 13.2906, 17.3, 1.49496, 1.60148]"
"[0, 0.0169954, 0.0161201, -0.0420179, -0.0461601, 13.2907, 17.2, 1.48302, 1.53483]"
"[0, 0.0169978, 0.0161601, -0.0421508, -0.0463201, 13.291, 17.1, 1.48347, 1.64591]"
"[0, 0.0170015, 0.0162001, -0.0423011, -0.0464801, 13.2913, 17, 1.51799, 1.66781]"
"[0, 0.0170036, 0.0162401, -0.0424638, -0.0466401, 13.2917, 16.9, 1.49905, 1.69801]"
"[0, 0.017008, 0.0162801, -0.0426653, -0.0468001, 13.2921, 16.8, 1.48543, 1.79917]"
"[0, 0.0170128, 0.0163201, -0.0428676, -0.0469601, 13.2928, 16.7, 1.52367, 1.99186]"
"[0, 0.0170186, 0.0163601, -0.0430751, -0.0471201, 13.2937, 16.6, 1.47681, 1.65848]"
"[0, 0.0170205, 0.0164001, -0.043297, -0.0472801, 13.2945, 16.5, 1.44544, 1.70229]"
"[0, 0.0170252, 0.0164401, -0.0435057, -0.0474401, 13.2953, 16.4, 1.50416, 2.0077]"
"[0, 0.0170308, 0.0164801, -0.043716, -0.0476001, 13.2966, 16.3, 1.45128, 1.80517]"
"[0, 0.0170394, 0.0165201, -0.0439283, -0.0477601, 13.298, 16.2, 1.49912, 1.89023]"
"[0, 0.0170461, 0.0165601, -0.0441419, -0.0479201, 13.2993, 16.1, 1.44394, 1.71842]"
"[0, 0.0170492, 0.0166001, -0.0443343, -0.0480801, 13.3003, 16, 1.49867, 2.06736]"
"[0, 0.0170573, 0.0166401, -0.0445489, -0.0482401, 13.3017, 15.9, 1.49, 1.85925]"
"[0, 0.0170603, 0.0166801, -0.0447332, -0.0484001, 13.3025, 15.8, 1.4337, 1.77699]"
"[0, 0.0170654, 0.0167201, -0.0448822, -0.0485601, 13.3034, 15.7, 1.44709, 1.88296]"
"[0, 0.0170679, 0.0167601, -0.0450016, -0.0487201, 13.3042, 15.6, 1.4445, 1.78891]"
"[0, 0.0170714, 0.0168001, -0.045107, -0.0488801, 13.3048, 15.5, 1.40191, 1.69261]"
"[0, 0.0170742, 0.0168401, -0.0451887, -0.0490401, 13.3051, 15.4, 1.44036, 1.91401]"
"[0, 0.0170741, 0.0168801, -0.0452817, -0.0492001, 13.3055, 15.3, 1.43329, 1.9637]"
"[0, 0.0170767, 0.0169201, -0.0453745, -0.0493601, 13.3056, 15.2, 1.47276, 2.12393]"
"[0, 0.0170823, 0.0169601, -0.0454745, -0.0495201, 13.306, 15.1, 1.45042, 2.07545]"
"[0, 0.0170807, 0.0170001, -0.0455711, -0.0496801, 13.306, 15, 1.41326, 1.9267]"
"[0, 0.0170869, 0.0170401, -0.0456677, -0.0498401, 13.3059, 14.9, 1.37952, 1.88966]"
"[0, 0.0170908, 0.0170801, -0.0457572, -0.0500001, 13.3061, 14.7999, 1.40266, 2.01171]"
"[0, 0.0170934, 0.0171201, -0.0458544, -0.0501601, 13.3061, 14.6999, 1.42244, 2.25723]"
"[0, 0.0170952, 0.0171601, -0.0459543, -0.0503201, 13.306, 14.5999, 1.35392, 1.98286]"
"[0, 0.0170963, 0.0172001, -0.0460488, -0.0504801, 13.305, 14.4999, 1.31507, 1.77509]"
"[0, 0.017091, 0.0172401, -0.0461439, -0.0506401, 13.3034, 14.3999, 1.42033, 2.17556]"
"[0, 0.0170964, 0.0172801, -0.0462436, -0.0508001, 13.3031, 14.2999, 1.42145, 2.18516]"
"[0, 0.0170949, 0.0173201, -0.0463474, -0.0509601, 13.3017, 14.2999, 1.34625, 2.07548]"
"[0, 0.0170959, 0.0173601, -0.0464608, -0.0511201, 13.3007, 14.2999, 1.28822, 2.21307]"
"[0, 0.0170998, 0.0174001, -0.0465993, -0.0512801, 13.2983, 14.2999, 1.35281, 2.25905]"
"[0, 0.0171012, 0.0174401, -0.0467033, -0.0514401, 13.2966, 14.1999, 1.28171, 2.17686]"
"[0, 0.0171075, 0.0174801, -0.0468524, -0.0516002, 13.295, 14.1999, 1.22304, 2.19062]"
"[0, 0.0171137, 0.0175201, -0.0470068, -0.0517602, 13.2923, 14.1999, 1.19613, 2.09688]"
"[0, 0.0171251, 0.0175601, -0.0471806, -0.0519202, 13.2902, 14.1999, 1.2233, 2.16306]"
"[0, 0.017134, 0.0176001, -0.0473931, -0.0520802, 13.2872, 14.1999, 1.36104, 2.33699]"
"[0, 0.0171481, 0.0176401, -0.0475901, -0.0522402, 13.2855, 14.1999, 1.10798, 2.33101]"
"[0, 0.0171679, 0.0176801, -0.047832, -0.0524002, 13.2846, 14.1999, 1.16483, 2.12527]"
"[0, 0.0171905, 0.0177201, -0.0480818, -0.0525602, 13.2831, 14.1999, 1.23619, 2.11617]"
"[0, 0.0172045, 0.0177601, -0.0483299, -0.0527202, 13.2818, 14.1999, 1.27444, 2.55498]"
"[0, 0.0172273, 0.0178001, -0.0485876, -0.0528802, 13.2819, 14.1999, 1.11793, 2.18205]"
"[0, 0.0172436, 0.0178401, -0.0488501, -0.0530402, 13.282, 14.1999, 1.20505, 2.26533]"
"[0, 0.017265, 0.0178801, -0.0490995, -0.0532002, 13.2833, 14.1999, 1.12156, 2.06104]"
"[0, 0.0172826, 0.0179201, -0.0493487, -0.0533602, 13.2845, 14.1999, 1.13624, 2.06117]"
"[0, 0.0172986, 0.0179601, -0.0495506, -0.0535202, 13.2859, 14.1999, 1.08763, 2.04285]"
"[0, 0.0173129, 0.0180001, -0.0497243, -0.0536802, 13.2869, 14.1999, 1.20419, 2.01636]"
"[0, 0.0173293, 0.0180401, -0.0499418, -0.0538402, 13.2882, 14.1999, 1.12911, 2.07553]"
"[0, 0.0173453, 0.0180801, -0.0501015, -0.0540002, 13.2894, 14.1999, 1.07725, 2.02443]"
"[0, 0.0173614, 0.0181201, -0.0502513, -0.0541602, 13.2904, 14.1999, 1.03584, 1.9314]"
"[0, 0.0173789, 0.0181601, -0.0503835, -0.0543202, 13.2909, 14.1999, 1.23075, 2.13845]"
"[0, 0.0173991, 0.0182001, -0.0504951, -0.0544802, 13.2918, 14.1999, 1.08164, 2.13335]"
"[0, 0.0174244, 0.0182401, -0.050588, -0.0546402, 13.2926, 14.1999, 1.06084, 2.06426]"
"[0, 0.0174507, 0.0182801, -0.0506657, -0.0548002, 13.2934, 14.1999, 1.11959, 2.12737]"
"[0, 0.0174664, 0.0183201, -0.0507396, -0.0549602, 13.2937, 14.1999, 1.0609, 2.19815]"
"[0, 0.0174842, 0.0183601, -0.0508105, -0.0551202, 13.294, 14.1999, 0.958401, 2.01478]"
"[0, 0.0175018, 0.0184001, -0.0508715, -0.0552802, 13.2943, 14.1999, 0.944414, 1.86705]"
"[0, 0.0175174, 0.0184401, -0.050937, -0.0554402, 13.2943, 14.1999, 0.943209, 2.24123]"
"[0, 0.0175453, 0.0184801, -0.0510134, -0.0556002, 13.2947, 14.1999, 0.949799, 2.00789]"
"[0, 0.0175687, 0.0185201, -0.0511009, -0.0557602, 13.2946, 14.1999, 1.00989, 2.22038]"
"[0, 0.0175976, 0.0185601, -0.0512048, -0.0559202, 13.295, 14.1999, 1.00763, 2.07679]"
"[0, 0.0176207, 0.0186001, -0.0513202, -0.0560802, 13.2949, 14.1999, 1.00042, 2.05089]"
"[0, 0.0176395, 0.0186401, -0.051456, -0.0562402, 13.2947, 14.1999, 0.960243, 2.25745]"
"[0, 0.0176535, 0.0186801, -0.0516132, -0.0564002, 13.2934, 14.1999, 1.01677, 2.27244]"
"[0, 0.0176635, 0.0187201, -0.0518138, -0.0565602, 13.2916, 14.1999, 0.870763, 2.33261]"
"[0, 0.0176867, 0.0187601, -0.0520377, -0.0567202, 13.2909, 14.1999, 0.927154, 2.1741]"
"[0, 0.0177051, 0.0188001, -0.0522823, -0.0568802, 13.2888, 14.1999, 0.93428, 2.31079]"
"[0, 0.0177253, 0.0188401, -0.0525229, -0.0570402, 13.2864, 14.1999, 0.96635, 2.31085]"
"[0, 0.0177524, 0.0188801, -0.0527794, -0.0572002, 13.2856, 14.1999, 1.03942, 2.20446]"
"[0, 0.0177772, 0.0189201, -0.0530356, -0.0573602, 13.2848, 14.1999, 0.939818, 2.2604]"
"[0, 0.0178035, 0.0189601, -0.0532882, -0.0575202, 13.2859, 14.1999, 0.861063, 2.41586]"
"[0, 0.0178454, 0.0190001, -0.0535358, -0.0576802, 13.2884, 14.1999, 0.782145, 2.36896]"
"[0, 0.0178871, 0.0190401, -0.0537548, -0.0578402, 13.2909, 14.1999, 0.863844, 2.03574]"
"[0, 0.0179307, 0.0190801, -0.053947, -0.0580002, 13.2933, 14.1999, 0.917741, 2.41651]"
"[0, 0.0179673, 0.0191201, -0.0541262, -0.0581602, 13.2956, 14.1999, 0.949386, 2.38521]"
"[0, 0.0179994, 0.0191601, -0.0542997, -0.0583202, 13.2974, 14.1999, 1.01622, 2.17658]"
"[0, 0.018019, 0.0192001, -0.0544511, -0.0584802, 13.299, 14.1999, 1.00427, 2.17069]"
"[0, 0.0180455, 0.0192401, -0.0545877, -0.0586402, 13.3006, 14.1999, 0.860266, 2.25673]"
"[0, 0.0180735, 0.0192801, -0.0546994, -0.0588002, 13.3022, 14.1999, 0.836135, 2.33236]"
"[0, 0.0181085, 0.0193201, -0.0547967, -0.0589602, 13.3039, 14.1999, 0.927052, 2.40747]"
"[0, 0.0181408, 0.0193601, -0.05491, -0.0591202, 13.3052, 14.1999, 1.02128, 2.31727]"
"[0, 0.0181719, 0.0194001, -0.0550149, -0.0592802, 13.3067, 14.1999, 0.793339, 2.19778]"
"[0, 0.0182089, 0.0194401, -0.0551107, -0.0594402, 13.3081, 14.1999, 0.893665, 2.57284]"
"[0, 0.0182507, 0.0194801, -0.0552102, -0.0596002, 13.3098, 14.1999, 0.829368, 2.26276]"
"[0, 0.0182954, 0.0195201, -0.0553186, -0.0597602, 13.3117, 14.1999, 0.884582, 2.07535]"
"[0, 0.0183392, 0.0195601, -0.0554218, -0.0599202, 13.3132, 14.1999, 1.02595, 2.4234]"
"[0, 0.0183892, 0.0196001, -0.0555374, -0.0600802, 13.3152, 14.1999, 0.99314, 2.32129]"
"[0, 0.0184296, 0.0196401, -0.055669, -0.0602402, 13.3167, 14.1999, 0.892354, 2.45871]"
"[0, 0.0184759, 0.0196801, -0.0558245, -0.0604002, 13.3187, 14.1999, 0.893134, 2.36473]"
"[0, 0.0185228, 0.0197201, -0.0559996, -0.0605602, 13.3204, 14.1999, 0.891192, 2.25343]"
"[0, 0.018569, 0.0197601, -0.0561863, -0.0607202, 13.32, 14.1999, 0.927352, 2.32023]"
"[0, 0.0186097, 0.0198001, -0.0563971, -0.0608802, 13.32, 14.1999, 0.97558, 2.45424]"
"[0, 0.0186574, 0.0198401, -0.0566265, -0.0610402, 13.3217, 14.1999, 0.909999, 2.6164]"
"[0, 0.0187085, 0.0198801, -0.0568759, -0.0612002, 13.3236, 14.1999, 0.898125, 2.39011]"
"[0, 0.018754, 0.0199201, -0.0571282, -0.0613602, 13.3243, 14.1999, 0.912044, 2.30184]"
"[1, 0.0188041, 0.0199601, -0.0573892, -0.0615202, 13.3261, 14.1999, 0.840027, 2.54453]"
"[1, 0.0188634, 0.0199601, -0.0576493, -0.0612802, 13.3293, 14.1999, 0.862372, 2.3412]"
"[1, 0.0189142, 0.0199601, -0.0578696, -0.0610402, 13.3301, 14.1999, 0.868232, 2.20937]"
"[1, 0.0189597, 0.0199601, -0.0580599, -0.0608002, 13.3319, 14.1999, 0.967381, 2.36722]"
"[1, 0.0190084, 0.0199601, -0.058222, -0.0605602, 13.3346, 14.1999, 0.851876, 2.25764]"
"[1, 0.0190481, 0.0199601, -0.058344, -0.0603202, 13.3368, 14.1999, 0.997182, 2.29487]"
"[1, 0.019089, 0.0199601, -0.0584483, -0.0600802, 13.3389, 14.1999, 0.865822, 2.25963]"
"[1, 0.0191254, 0.0199601, -0.0585216, -0.0598402, 13.3407, 14.1999, 0.981537, 2.40276]"
"[1, 0.0191674, 0.0199601, -0.0585818, -0.0596002, 13.3426, 14.1999, 0.846823, 2.07411]"
"[1, 0.0191988, 0.0199601, -0.0586187, -0.0593602, 13.344, 14.1999, 0.910181, 2.24609]"
"[1, 0.0192301, 0.0199601, -0.0586359, -0.0591202, 13.3455, 14.1999, 0.921287, 2.31259]"
"[1, 0.0192623, 0.0199601, -0.0586368, -0.0588802, 13.3468, 14.1999, 0.90779, 2.18788]"
"[1, 0.019294, 0.0199601, -0.0586264, -0.0586402, 13.3481, 14.1999, 0.840373, 2.15822]"
"[1, 0.0193307, 0.0199601, -0.0586157, -0.0584002, 13.3496, 14.1999, 0.905455, 2.09677]"
"[1, 0.019352, 0.0199601, -0.0586088, -0.0581602, 13.3505, 14.1999, 0.936498, 2.06942]"
"[1, 0.0193762, 0.0199601, -0.0585975, -0.0579202, 13.3516, 14.1999, 0.917316, 1.91609]"
"[1, 0.0193962, 0.0199601, -0.0585788, -0.0576802, 13.3524, 14.1999, 0.801677, 1.92186]"
"[1, 0.0194146, 0.0199601, -0.0585597, -0.0574402, 13.3534, 14.1999, 0.795623, 1.82299]"
"[1, 0.0194301, 0.0199601, -0.058536, -0.0572002, 13.3541, 14.1999, 0.819464, 1.9641]"
"[1, 0.0194557, 0.0199601, -0.0585085, -0.0569602, 13.3553, 14.1999, 0.794221, 1.76877]"
"[1, 0.0194739, 0.0199601, -0.0584764, -0.0567202, 13.3563, 14.1999, 0.794026, 1.76939]"
"[1, 0.0195006, 0.0199601, -0.0584473, -0.0564802, 13.3575, 14.1999, 0.806375, 1.69303]"
"[1, 0.0195177, 0.0199601, -0.0584146, -0.0562402, 13.3584, 14.1999, 0.815308, 1.75809]"
"[1, 0.019534, 0.0199601, -0.0583862, -0.0560002, 13.3592, 14.1999, 0.760406, 1.75349]"
"[1, 0.0195544, 0.0199601, -0.058358, -0.0557602, 13.3602, 14.1999, 0.711988, 1.59095]"
"[1, 0.0195689, 0.0199601, -0.0583188, -0.0555202, 13.3611, 14.1999, 0.764056, 1.58008]"
"[1, 0.01958, 0.0199601, -0.0582734, -0.0552802, 13.3618, 14.1999, 0.777782, 1.58448]"
"[1, 0.0195918, 0.0199601, -0.0582304, -0.0550402, 13.3626, 14.1999, 0.812562, 1.5473]"
"[1, 0.0196006, 0.0199601, -0.0581942, -0.0548002, 13.3632, 14.1999, 0.791792, 1.55531]"
"[1, 0.0196087, 0.0199601, -0.0581584, -0.0545602, 13.3638, 14.1999, 0.834047, 1.47849]"
"[1, 0.0196161, 0.0199601, -0.058116, -0.0543202, 13.3643, 14.1999, 0.737616, 1.47245]"
"[1, 0.0196268, 0.0199601, -0.0580726, -0.0540802, 13.365, 14.1999, 0.739686, 1.33925]"
"[1, 0.0196389, 0.0199601, -0.0580212, -0.0538402, 13.3658, 14.1999, 0.70232, 1.37152]"
"[1, 0.0196512, 0.0199601, -0.0579692, -0.0536002, 13.3666, 14.1999, 0.777606, 1.41926]"
"[1, 0.0196598, 0.0199601, -0.0579172, -0.0533602, 13.3673, 14.1999, 0.701732, 1.23987]"
"[1, 0.0196718, 0.0199601, -0.0578657, -0.0531202, 13.3682, 14.1999, 0.661117, 1.26578]"
"[1, 0.0196836, 0.0199601, -0.0578139, -0.0528802, 13.369, 14.1999, 0.691529, 1.1115]"
"[1, 0.0196978, 0.0199601, -0.0577571, -0.0526402, 13.3699, 14.1999, 0.731017, 1.01857]"
"[1, 0.0197075, 0.0199601, -0.0576909, -0.0524002, 13.3706, 14.1999, 0.708924, 0.980238]"
"[1, 0.0197127, 0.0199601, -0.0576186, -0.0521602, 13.3714, 14.1999, 0.711168, 1.1346]"
"[1, 0.0197161, 0.0199601, -0.0575513, -0.0519202, 13.372, 14.1999, 0.636018, 1.07719]"
"[1, 0.0197247, 0.0199601, -0.0574796, -0.0516802, 13.3726, 14.1999, 0.626011, 0.876604]"
"[1, 0.0197285, 0.0199601, -0.0574057, -0.0514401, 13.3732, 14.1999, 0.551195, 0.668282]"
"[1, 0.0197337, 0.0199601, -0.0573205, -0.0512001, 13.3738, 14.1999, 0.668453, 0.837998]"
"[1, 0.019738, 0.0199601, -0.0572273, -0.0509601, 13.3741, 14.1999, 0.63223, 0.92918]"
"[1, 0.0197467, 0.0199601, -0.0571372, -0.0507201, 13.3749, 14.1999, 0.607687, 0.863465]"
"[1, 0.0197454, 0.0199601, -0.0570327, -0.0504801, 13.375, 14.1999, 0.588293, 0.550377]"
"[1, 0.0197524, 0.0199601, -0.0569162, -0.0502401, 13.3754, 14.1999, 0.610837, 0.76455]"
"[1, 0.0197594, 0.0199601, -0.0567902, -0.0500001, 13.3766, 14.1999, 0.542151, 0.566353]"
"[1, 0.0197695, 0.0199601, -0.0566565, -0.0497601, 13.3783, 14.1999, 0.569339, 0.360798]"
"[1, 0.0197765, 0.0199601, -0.0565051, -0.0495201, 13.3793, 14.1999, 0.520587, 0.395208]"
"[1, 0.0197803, 0.0199601, -0.0563491, -0.0492801, 13.38, 14.1999, 0.525941, 0.488232]"
"[3, 0.0197903, 0.0199601, -0.0561961, -0.0492801, 13.382, 14.1999, 0.566794, 0.524164]"
"[3, 0.0198037, 0.0199301, -0.056039, -0.0495201, 13.3834, 13.9999, 0.55548, 0.353049]"
"[3, 0.0198078, 0.0199001, -0.055881, -0.0497601, 13.3851, 13.7999, 0.53394, 0.338901]"
"[3, 0.0198099, 0.0198701, -0.0557349, -0.0500001, 13.3859, 13.5999, 0.534289, 0.238905]"
"[3, 0.0198148, 0.0198401, -0.0555949, -0.0502401, 13.3861, 13.3999, 0.549299, 0.00967315]"
"[3, 0.0198141, 0.0198101, -0.0554531, -0.0504801, 13.3861, 13.1999, 0.564728, 0.146041]"
"[3, 0.0198159, 0.0197801, -0.0553636, -0.0507201, 13.3861, 12.9999, 0.537802, 0.241663]"
"[3, 0.0198186, 0.0197501, -0.0552757, -0.0509601, 13.386, 12.7999, 0.566172, 0.309641]"
"[3, 0.0198183, 0.0197201, -0.0552194, -0.0512001, 13.386, 12.5999, 0.564076, 0.224803]"
"[3, 0.0198181, 0.0196901, -0.0551944, -0.0514401, 13.386, 12.3999, 0.604836, 0.246023]"
"[3, 0.019815, 0.0196601, -0.0551849, -0.0516802, 13.3856, 12.1999, 0.537458, 0.126866]"
"[3, 0.0198152, 0.0196301, -0.0551824, -0.0519202, 13.3852, 11.9999, 0.566004, 0.231997]"
"[3, 0.0198174, 0.0196001, -0.0551846, -0.0521602, 13.3847, 11.7999, 0.566607, 0.25952]"
"[3, 0.0198157, 0.0195701, -0.0551809, -0.0524002, 13.3841, 11.5999, 0.58937, 0.290185]"
"[3, 0.0198129, 0.0195401, -0.0551818, -0.0526402, 13.3832, 11.4, 0.608656, 0.313706]"
"[3, 0.0198086, 0.0195101, -0.0551844, -0.0528802, 13.3816, 11.2, 0.618157, 0.346894]"
"[3, 0.0198084, 0.0194801, -0.0551833, -0.0531202, 13.38, 11, 0.525127, 0.385043]"
"[3, 0.0198046, 0.0194501, -0.0551849, -0.0533602, 13.3783, 10.8, 0.644278, 0.329097]"
"[3, 0.0198022, 0.0194201, -0.055185, -0.0536002, 13.3766, 10.6, 0.642471, 0.388875]"
"[3, 0.0197979, 0.0193901, -0.0551862, -0.0538402, 13.3751, 10.4, 0.611341, 0.422676]"
"[3, 0.0197959, 0.0193601, -0.0551897, -0.0540802, 13.3723, 10.2, 0.670694, 0.415226]"
"[3, 0.0197904, 0.0193301, -0.0551891, -0.0543202, 13.3708, 9.99995, 0.662722, 0.453613]"
"[3, 0.0197861, 0.0193001, -0.0551917, -0.0545602, 13.3676, 9.79995, 0.632631, 0.443227]"
"[3, 0.0197784, 0.0192701, -0.0551943, -0.0548002, 13.3628, 9.59995, 0.661846, 0.456604]"
"[3, 0.0197703, 0.0192401, -0.0552007, -0.0550402, 13.3579, 9.39995, 0.613105, 0.502861]"
"[3, 0.0197517, 0.0192101, -0.0552069, -0.0552802, 13.3493, 9.19995, 0.655696, 0.47365]"
"[3, 0.0197339, 0.0191801, -0.0552202, -0.0555202, 13.3386, 8.99995, 0.624938, 0.458285]"
"[3, 0.0197159, 0.0191501, -0.0552349, -0.0557602, 13.3268, 8.79995, 0.632778, 0.377505]"
"[3, 0.0196866, 0.0191201, -0.0552542, -0.0560002, 13.3131, 8.59995, 0.521168, 0.544428]"
"[3, 0.0196651, 0.0190901, -0.0552821, -0.0562402, 13.2987, 8.39995, 0.583737, 0.568152]"
"[3, 0.0196461, 0.0190601, -0.0553089, -0.0564802, 13.2876, 8.19995, 0.510162, 0.281655]"
"[3, 0.019616, 0.0190301, -0.0553473, -0.0567202, 13.2721, 7.99995, 0.571829, 0.724336]"
"[3, 0.0195875, 0.0190001, -0.0553987, -0.0569602, 13.2559, 7.79995, 0.495793, 0.49195]"
"[3, 0.0195406, 0.0189701, -0.0554571, -0.0572002, 13.2345, 7.59995, 0.489169, 0.621974]"
"[3, 0.0195117, 0.0189401, -0.0555363, -0.0574402, 13.2198, 7.39995, 0.444594, 0.634315]"
"[3, 0.0194703, 0.0189101, -0.0556126, -0.0576802, 13.2017, 7.19995, 0.396995, 0.557351]"
"[3, 0.0194349, 0.0188801, -0.0557031, -0.0579202, 13.1869, 6.99995, 0.435712, 0.849213]"
"[3, 0.0193953, 0.0188501, -0.0557977, -0.0581602, 13.1669, 6.79995, 0.421687, 0.795806]"
"[3, 0.0193299, 0.0188201, -0.0558894, -0.0584002, 13.1461, 6.59995, 0.361419, 0.934927]"
"[3, 0.0192421, 0.0187901, -0.0559894, -0.0586402, 13.1184, 6.39995, 0.413648, 0.850073]"
"[3, 0.0191496, 0.0187601, -0.0560956, -0.0588802, 13.0891, 6.19995, 0.470318, 1.01957]"
"[3, 0.0190668, 0.0187301, -0.05621, -0.0591202, 13.0609, 5.99996, 0.277382, 1.12314]"
"[3, 0.0189848, 0.0187001, -0.0563501, -0.0593602, 13.0323, 5.79996, 0.154279, 0.558538]"
"[3, 0.0189116, 0.0186701, -0.0564802, -0.0596002, 13.0065, 5.59996, 0.159052, 0.586949]"
"[3, 0.0188485, 0.0186401, -0.0566132, -0.0598402, 12.9806, 5.39996, 0.162314, 1.05932]"
"[3, 0.0187855, 0.0186101, -0.0567629, -0.0600802, 12.9558, 5.19996, 0.170596, 1.05837]"
"[3, 0.0187214, 0.0185801, -0.0569247, -0.0603202, 12.9272, 4.99996, 0.168982, 0.904072]"
"[3, 0.018638, 0.0185501, -0.0570887, -0.0605602, 12.8953, 4.79996, 0.062861, 0.800733]"
"[3, 0.0185556, 0.0185201, -0.0572604, -0.0608002, 12.8617, 4.59996, 0.0489462, 0.88848]"
"[3, 0.0184737, 0.0184901, -0.0574399, -0.0610402, 12.8261, 4.39996, 0.0787965, 1.25743]"
"[3, 0.0183966, 0.0184601, -0.0576305, -0.0612802, 12.7888, 4.19996, 0.0738767, 1.06544]"
"[3, 0.0183065, 0.0184301, -0.0578403, -0.0615202, 12.748, 3.99996, 0.00719713, 0.822004]"
"[3, 0.0182222, 0.0184001, -0.057986, -0.0617602, 12.7124, 3.79996, -0.0413357, 1.09627]"
"[3, 0.0181221, 0.0183701, -0.0581502, -0.0620002, 12.6646, 3.59996, 0.0593513, 1.19636]"
"[3, 0.0180018, 0.0183401, -0.05832, -0.0622402, 12.603, 3.39996, 0.0283158, 1.07868]"
"[3, 0.017896, 0.0183101, -0.0584749, -0.0624802, 12.5415, 3.19996, 0.0219828, 1.18909]"
"[3, 0.0177711, 0.0182801, -0.0586353, -0.0627202, 12.4712, 2.99996, 0.0139604, 1.29387]"
"[3, 0.0176309, 0.0182501, -0.0588003, -0.0629602, 12.3905, 2.79996, -0.0462968, 1.4063]"
"[3, 0.0175106, 0.0182201, -0.0589769, -0.0632002, 12.3181, 2.59996, -0.191876, 1.5617]"
"[3, 0.0173834, 0.0181901, -0.0591705, -0.0634402, 12.2467, 2.39996, -0.230759, 1.70897]"
"[3, 0.0172481, 0.0181601, -0.0594002, -0.0636802, 12.1739, 2.19996, -0.13423, 1.50372]"
"[3, 0.0171066, 0.0181301, -0.0596734, -0.0639202, 12.1007, 1.99996, -0.288838, 1.40063]"
"[3, 0.0169637, 0.0181001, -0.0599711, -0.0641602, 12.0278, 1.79996, -0.422095, 1.30123]"
"[3, 0.0168133, 0.0180701, -0.0602957, -0.0644002, 11.9512, 1.59996, -0.365943, 1.37253]"
"[3, 0.0166685, 0.0180401, -0.060634, -0.0646402, 11.8771, 1.39996, -0.49987, 1.49332]"
"[3, 0.0165015, 0.0180101, -0.0609833, -0.0648802, 11.7939, 1.19996, -0.527093, 1.30445]"
"[3, 0.0163217, 0.0179801, -0.0613303, -0.0651202, 11.7009, 0.999956, -0.481892, 1.46456]"
"[3, 0.0161715, 0.0179501, -0.0616673, -0.0653602, 11.6187, 0.799956, -0.507991, 1.54535]"
"[3, 0.0160273, 0.0179201, -0.0620266, -0.0656002, 11.529, 0.599956, -0.680802, 1.44292]"
"[3, 0.0159099, 0.0178901, -0.0623457, -0.0658402, 11.4467, 0.399956, -0.508772, 1.62337]"
"[3, 0.015807, 0.0178601, -0.0626376, -0.0660802, 11.3635, 0.199956, -0.785224, 1.16273]"
"[3, 0.0156987, 0.0178301, -0.0628951, -0.0663202, 11.2692, -4.37796e-05, -0.855528, 1.58126]"
"[3, 0.0156099, 0.0178001, -0.0631259, -0.0665602, 11.1692, -0.200044, -0.696829, 1.36635]"
"[3, 0.0155235, 0.0177701, -0.063325, -0.0668002, 11.0626, -0.400044, -0.679169, 1.41711]"
"[3, 0.0154536, 0.0177401, -0.0635038, -0.0670402, 10.9508, -0.600044, -0.60142, 1.56618]"
"[3, 0.0154082, 0.0177101, -0.0636425, -0.0672802, 10.8507, -0.800044, -0.449416, 1.66973]"
"[3, 0.0153937, 0.0176801, -0.0637901, -0.0675202, 10.7371, -1.00004, -0.542791, 1.65876]"
"[3, 0.0153841, 0.0176501, -0.0639196, -0.0677602, 10.6214, -1.20004, -1.04638, 1.59982]"
"[3, 0.0153921, 0.0176201, -0.0640443, -0.0680002, 10.505, -1.40004, -0.546557, 1.6519]"
"[3, 0.0153632, 0.0175901, -0.0641634, -0.0682402, 10.3732, -1.60004, -0.74137, 1.59546]"
"[3, 0.0153437, 0.0175601, -0.0642782, -0.0684802, 10.2458, -1.80004, -0.730876, 1.54305]"
"[3, 0.0153304, 0.0175301, -0.0644078, -0.0687202, 10.122, -2.00004, -0.573739, 1.73295]"
"[3, 0.0152998, 0.0175001, -0.0645493, -0.0689602, 9.9952, -2.20004, -0.844436, 1.61881]"
"[3, 0.0152536, 0.0174701, -0.0647142, -0.0692002, 9.85629, -2.40004, -0.822608, 1.90423]"
"[3, 0.0152193, 0.0174401, -0.0649031, -0.0694402, 9.72813, -2.60004, -0.923945, 1.80857]"
"[3, 0.0151893, 0.0174101, -0.0651084, -0.0696802, 9.60977, -2.80004, -0.921791, 1.76442]"
"[3, 0.0151649, 0.0173801, -0.0653778, -0.0699202, 9.47875, -3.00004, -0.980581, 2.13638]"
"[3, 0.0151334, 0.0173501, -0.0657164, -0.0701602, 9.33638, -3.20004, -0.890013, 1.77848]"
"[3, 0.0151093, 0.0173201, -0.0660511, -0.0704002, 9.19816, -3.40004, -0.897202, 1.89278]"
"[3, 0.0151152, 0.0172901, -0.0664377, -0.0706402, 9.04786, -3.60004, -0.780543, 1.53162]"
"[3, 0.0151697, 0.0172601, -0.0668291, -0.0708802, 8.9055, -3.80004, -1.02974, 1.52611]"
"[3, 0.0152457, 0.0172301, -0.0672291, -0.0711202, 8.76778, -4.00004, -0.805998, 1.51257]"
"[3, 0.015333, 0.0172001, -0.0676315, -0.0713602, 8.6296, -4.20004, -0.949463, 1.63751]"
"[3, 0.0154148, 0.0171701, -0.0680091, -0.0716002, 8.48929, -4.40004, -0.995967, 1.16176]"
"[3, 0.0154805, 0.0171401, -0.0683398, -0.0718402, 8.35047, -4.60004, -0.948668, 1.49997]"
"[3, 0.0155242, 0.0171101, -0.0686239, -0.0720802, 8.2166, -4.80004, -0.946047, 1.47885]"
"[3, 0.015534, 0.0170801, -0.0688568, -0.0723202, 8.08757, -5.00004, -0.928786, 1.36943]"
"[3, 0.0154848, 0.0170501, -0.0690781, -0.0725602, 7.93074, -5.20004, -0.864234, 1.70096]"
"[3, 0.0154471, 0.0170201, -0.0692667, -0.0728002, 7.77578, -5.40004, -0.870313, 1.70599]"
"[3, 0.0154158, 0.0169901, -0.0694249, -0.0730402, 7.62645, -5.60004, -0.941743, 1.41493]"
"[3, 0.0153833, 0.0169601, -0.0695482, -0.0732801, 7.48313, -5.80004, -0.969642, 1.65586]"
"[3, 0.0153236, 0.0169301, -0.0696506, -0.0735201, 7.33324, -6.00004, -0.79775, 1.64843]"
"[3, 0.0152724, 0.0169001, -0.0697417, -0.0737601, 7.18985, -6.20004, -0.821414, 1.42789]"
"[3, 0.0151791, 0.0168701, -0.0698122, -0.0740001, 7.02561, -6.40004, -0.826637, 1.43253]"
"[3, 0.0150939, 0.0168401, -0.0698586, -0.0742401, 6.90244, -6.60004, -1.14621, 1.67973]"
"[3, 0.0149857, 0.0168101, -0.0699267, -0.0744801, 6.7575, -6.80004, -0.979617, 1.90981]"
"[3, 0.0148603, 0.0167801, -0.0700145, -0.0747201, 6.60388, -7.00004, -1.06884, 1.64652]"
"[3, 0.0147535, 0.0167501, -0.0700938, -0.0749601, 6.45509, -7.20004, -0.918658, 1.53341]"
"[3, 0.0146453, 0.0167201, -0.0701879, -0.0752001, 6.30333, -7.40004, -1.21583, 1.53257]"
"[3, 0.0145411, 0.0166901, -0.0703054, -0.0754401, 6.15145, -7.60004, -1.14667, 1.94424]"
"[3, 0.0144483, 0.0166601, -0.0704268, -0.0756801, 6.00098, -7.80004, -0.997341, 1.52552]"
"[3, 0.0143626, 0.0166301, -0.0705631, -0.0759201, 5.853, -8.00004, -1.0895, 1.95756]"
"[3, 0.0142545, 0.0166001, -0.0707419, -0.0761601, 5.69108, -8.20004, -1.0903, 2.18783]"
"[3, 0.0141381, 0.0165701, -0.0709397, -0.0764001, 5.53463, -8.40004, -1.13629, 1.83081]"
"[3, 0.0140574, 0.0165401, -0.0711822, -0.0766401, 5.37907, -8.60004, -1.08591, 1.78918]"
"[3, 0.0139949, 0.0165101, -0.0714541, -0.0768801, 5.22582, -8.80004, -0.9072, 1.70439]"
"[3, 0.0139329, 0.0164801, -0.0717618, -0.0771201, 5.06961, -9.00004, -0.910434, 2.34946]"
"[3, 0.0138778, 0.0164501, -0.0720974, -0.0773601, 4.90896, -9.20004, -1.26098, 2.03224]"
"[3, 0.0138474, 0.0164201, -0.0724567, -0.0776001, 4.7502, -9.40004, -1.23833, 2.19022]"
"[3, 0.0138209, 0.0163901, -0.0728339, -0.0778401, 4.5856, -9.60004, -1.04821, 2.11946]"
"[3, 0.0137958, 0.0163601, -0.073162, -0.0780801, 4.44037, -9.80004, -1.29988, 1.66005]"
"[3, 0.0137828, 0.0163301, -0.0736036, -0.0783201, 4.24106, -10, -1.13514, 1.96787]"
"[3, 0.0137976, 0.0163001, -0.0739629, -0.0785601, 4.08278, -10.2, -1.17655, 2.1722]"
"[3, 0.0137921, 0.0162701, -0.0742771, -0.0788001, 3.91544, -10.4, -1.05745, 1.80368]"
"[3, 0.0137876, 0.0162401, -0.0745413, -0.0790401, 3.74748, -10.6, -0.871409, 2.18826]"
"[3, 0.0137952, 0.0162101, -0.0747661, -0.0792801, 3.57754, -10.8, -1.30163, 2.27764]"
"[3, 0.0138007, 0.0161801, -0.0749635, -0.0795201, 3.41067, -11, -1.1617, 2.11481]"
"[3, 0.0137667, 0.0161501, -0.0751483, -0.0797601, 3.22043, -11.2, -1.14169, 2.07002]"
"[3, 0.0137467, 0.0161201, -0.0752896, -0.0800001, 3.04997, -11.4, -1.12714, 1.86663]"
"[3, 0.013737, 0.0160901, -0.0754169, -0.0802401, 2.87811, -11.6, -1.01752, 2.04882]"
"[3, 0.0137192, 0.0160601, -0.0755273, -0.0804801, 2.70335, -11.8, -1.06281, 2.10061]"
"[3, 0.0137177, 0.0160301, -0.0756218, -0.0807201, 2.52567, -12, -1.16474, 2.19739]"
"[3, 0.0137208, 0.0160001, -0.0757227, -0.0809601, 2.34608, -12.2, -1.01968, 2.1413]"
"[3, 0.013733, 0.0159701, -0.0758226, -0.0812001, 2.16455, -12.4, -1.29544, 2.37105]"
"[3, 0.0137555, 0.0159401, -0.0759311, -0.0814401, 1.97788, -12.6, -1.31769, 1.91005]"
"[3, 0.0138046, 0.0159101, -0.0760405, -0.0816801, 1.80071, -12.8, -1.26448, 1.96546]"
"[3, 0.0138523, 0.0158801, -0.0761564, -0.0819201, 1.62603, -13, -1.39994, 1.83193]"
"[3, 0.0138932, 0.0158501, -0.0762687, -0.0821601, 1.4489, -13.2, -1.2553, 2.06979]"
"[3, 0.0139146, 0.0158201, -0.0763971, -0.0824001, 1.27224, -13.4, -1.03672, 2.24951]"
"[3, 0.0139102, 0.0157901, -0.0765366, -0.0826401, 1.08931, -13.6, -1.15819, 2.15995]"
"[3, 0.0138679, 0.0157601, -0.0766943, -0.0828801, 0.897397, -13.8, -1.13734, 2.198]"
"[3, 0.0138378, 0.0157301, -0.0768813, -0.0831201, 0.711554, -14, -0.932455, 2.22265]"
"[3, 0.0138099, 0.0157001, -0.0770841, -0.0833601, 0.530869, -14.2, -1.1507, 2.24234]"
"[3, 0.0137666, 0.0156701, -0.0773195, -0.0836001, 0.346718, -14.4, -1.188, 2.47287]"
"[3, 0.0137114, 0.0156401, -0.0775938, -0.0838401, 0.163425, -14.6, -1.15547, 2.44861]"
"[3, 0.0136167, 0.0156101, -0.0778841, -0.0840801, -0.0261902, -14.8, -1.38508, 2.2644]"
"[3, 0.0134997, 0.0155801, -0.0782034, -0.0843201, -0.223944, -14.6, -1.3452, 2.38257]"
"[3, 0.0134112, 0.0155501, -0.0785254, -0.0845601, -0.404351, -14.4, -1.13701, 2.39642]"
"[3, 0.0133178, 0.0155201, -0.0788936, -0.0848001, -0.590895, -14.2, -1.38893, 2.64609]"
"[3, 0.0132333, 0.0154901, -0.0792441, -0.0850401, -0.769906, -14, -1.27287, 2.47814]"
"[3, 0.0131452, 0.0154601, -0.0795884, -0.0852801, -0.949271, -13.8, -1.21923, 2.11521]"
"[3, 0.0130696, 0.0154301, -0.0798597, -0.0855201, -1.11513, -13.6, -1.21506, 2.18745]"
"[3, 0.0129813, 0.0154001, -0.0801088, -0.08576, -1.29566, -13.4, -1.37594, 2.30385]"
"[3, 0.0129218, 0.0153701, -0.0803276, -0.086, -1.46882, -13.2, -1.39316, 2.18185]"
"[3, 0.01288, 0.0153401, -0.0805161, -0.08624, -1.62732, -13, -1.20434, 2.25959]"
"[3, 0.0128228, 0.0153101, -0.0806911, -0.08648, -1.78509, -12.8, -1.51709, 2.60229]"
"[3, 0.0127408, 0.0152801, -0.0808758, -0.08672, -1.95881, -12.6, -1.58569, 2.23664]"
"[3, 0.0126683, 0.0152501, -0.0810157, -0.08696, -2.09158, -12.4, -1.70032, 2.27445]"
"[3, 0.012587, 0.0152201, -0.0811719, -0.0872, -2.23343, -12.2, -1.65841, 2.22421]"
"[3, 0.0125009, 0.0151901, -0.0813108, -0.08744, -2.37863, -12, -1.58308, 2.15402]"
"[3, 0.0124315, 0.0151601, -0.0814373, -0.08768, -2.51901, -11.8, -1.67861, 2.27773]"
"[3, 0.0123897, 0.0151301, -0.0815674, -0.08792, -2.63892, -11.6, -1.62962, 2.22276]"
"[3, 0.0123588, 0.0151001, -0.0817116, -0.08816, -2.74938, -11.4, -1.53229, 2.13541]"
"[3, 0.0123298, 0.0150701, -0.0818481, -0.0884, -2.84362, -11.2, -1.59296, 2.41398]"
"[3, 0.0123094, 0.0150401, -0.0819978, -0.08864, -2.93502, -11, -1.66631, 2.24773]"
"[3, 0.012297, 0.0150101, -0.0821636, -0.08888, -3.01595, -10.8, -1.63044, 2.07175]"
"[3, 0.0122842, 0.0149801, -0.0823466, -0.08912, -3.09472, -10.6, -1.72622, 2.07137]"
"[3, 0.0122894, 0.0149501, -0.0825286, -0.08936, -3.15837, -10.4, -1.74015, 2.12658]"
"[3, 0.0123054, 0.0149201, -0.0827482, -0.0896, -3.21336, -10.2, -1.88612, 2.42623]"
"[3, 0.0123231, 0.0148901, -0.0830022, -0.08984, -3.26581, -10, -1.81498, 2.47224]"
"[3, 0.0123239, 0.0148601, -0.0832497, -0.09008, -3.31089, -9.80004, -1.82929, 2.36396]"
"[3, 0.0123376, 0.0148301, -0.0835298, -0.09032, -3.3464, -9.60004, -1.85393, 2.50973]"
"[3, 0.0123629, 0.0148001, -0.0838284, -0.09056, -3.37137, -9.40004, -1.90764, 2.31501]"
"[3, 0.0123774, 0.0147701, -0.0841333, -0.0908, -3.39645, -9.20004, -1.99063, 2.65087]"
"[3, 0.0123686, 0.0147401, -0.0844559, -0.09104, -3.42571, -9.00004, -1.83869, 2.38011]"
"[3, 0.0123536, 0.0147101, -0.0847533, -0.09128, -3.45111, -8.80004, -1.89041, 2.41301]"
"[3, 0.0123521, 0.0146801, -0.0850587, -0.09152, -3.46839, -8.60004, -1.84863, 2.51589]"
"[3, 0.0123588, 0.0146501, -0.0853426, -0.09176, -3.47551, -8.40004, -1.88045, 2.24567]"
"[3, 0.0123623, 0.0146201, -0.0855961, -0.092, -3.47838, -8.20004, -1.84787, 2.32732]"
"[3, 0.0123723, 0.0145901, -0.0858263, -0.09224, -3.47836, -8.00004, -1.82935, 2.41924]"
"[3, 0.0123784, 0.0145601, -0.0860456, -0.09248, -3.47711, -7.80004, -1.79156, 2.34272]"
"[3, 0.012387, 0.0145301, -0.0862523, -0.09272, -3.47568, -7.60004, -1.74898, 2.45932]"
"[3, 0.0123908, 0.0145001, -0.0864661, -0.09296, -3.47438, -7.40004, -1.74648, 2.65098]"
"[3, 0.0124054, 0.0144701, -0.0867159, -0.0932, -3.47245, -7.20004, -1.72905, 2.68772]"
"[3, 0.0124155, 0.0144401, -0.0869902, -0.09344, -3.47067, -7.00004, -1.70327, 2.46762]"
"[3, 0.0124258, 0.0144101, -0.0872815, -0.09368, -3.46855, -6.80004, -1.69783, 2.68701]"
"[3, 0.0124359, 0.0143801, -0.0876003, -0.09392, -3.46643, -6.60004, -1.64563, 2.42782]"
"[3, 0.0124481, 0.0143501, -0.0879277, -0.09416, -3.46392, -6.40004, -1.65709, 2.31528]"
"[3, 0.0124588, 0.0143201, -0.0882607, -0.0944, -3.46159, -6.20004, -1.6399, 2.57022]"
"[3, 0.0124709, 0.0142901, -0.0886529, -0.09464, -3.45898, -6.00004, -1.62498, 2.59108]"
"[3, 0.0124791, 0.0142601, -0.0888953, -0.09488, -3.45721, -5.80004, -1.60513, 2.31795]"
"[3, 0.0124881, 0.0142301, -0.0891738, -0.09512, -3.45537, -5.60004, -1.60093, 2.45781]"
"[3, 0.0124974, 0.0142001, -0.089436, -0.09536, -3.45355, -5.40004, -1.59394, 2.44241]"
"[3, 0.012506, 0.0141701, -0.0896719, -0.0956, -3.4519, -5.20004, -1.58498, 2.43596]"
"[3, 0.0125127, 0.0141401, -0.0898816, -0.09584, -3.45053, -5.00004, -1.57947, 2.43457]"
"[3, 0.0125167, 0.0141101, -0.0900628, -0.09608, -3.44942, -4.80004, -1.55604, 2.55239]"
"[3, 0.0125204, 0.0140801, -0.0902393, -0.09632, -3.44834, -4.60004, -1.57397, 2.14107]"
"[3, 0.0125245, 0.0140501, -0.0903897, -0.09656, -3.44716, -4.40004, -1.50459, 2.07078]"
"[3, 0.0125365, 0.0140201, -0.0905228, -0.0968, -3.44438, -4.20004, -1.49916, 2.43152]"
"[3, 0.0125493, 0.0139901, -0.0906878, -0.09704, -3.44203, -4.00004, -1.52162, 2.66557]"
"[3, 0.0125554, 0.0139601, -0.0908968, -0.09728, -3.4397, -3.80004, -1.52072, 2.5691]"
"[3, 0.0125688, 0.0139301, -0.0911455, -0.09752, -3.4357, -3.60004, -1.51325, 2.34535]"
